423
2365
1.128669
-0.150641
-0.044569
-0.060531
-0.035386
-0.047619
-0.200000
-0.050000
0.596892
-0.047619
-0.016129
-0.022727
-0.500000
-0.010417
0.747800
-0.016129
-0.026316
-0.356149
-0.061358
-0.043972
-0.035104
-0.142857
-0.027757
-0.038158
0.392929
-0.027757
-0.278719
-0.062500
-0.012048
-0.011905
0.184341
-0.062500
-0.011111
-0.018182
-0.015625
-0.076923
0.085516
-0.011111
-0.062500
-0.011905
0.353023
-0.208333
-0.010870
-0.044569
-0.041632
0.560596
-0.208333
-0.060531
-0.084515
-0.046983
-0.111111
-0.013699
-0.017241
-0.018182
0.294052
-0.111111
-0.040000
-0.011111
-0.052632
-0.050000
-0.014706
-0.014493
0.798550
-0.040000
-0.033911
-0.142857
-0.010417
-0.064723
-0.029412
-0.025856
-0.356149
-0.025038
-0.070187
0.420992
-0.025038
-0.030377
-0.061358
-0.210870
-0.067033
-0.026316
0.343946
-0.067033
-0.037037
-0.052632
-0.142857
-0.014085
-0.030303
0.173046
-0.037037
-0.027027
-0.021739
-0.037037
-0.038158
-0.012048
0.457515
-0.027027
-0.031481
-0.012821
-0.278719
-0.075876
-0.031592
1.442948
-0.031592
-1.029412
-0.011905
-0.354167
-0.015873
2.213349
-1.029412
-1.026316
-0.076923
-0.037220
-0.043478
1.199927
-1.026316
-0.062500
-0.111111
0.683439
-0.052987
-0.090081
-0.016949
-0.038514
-0.133333
-0.029983
0.990774
-0.133333
-0.045455
-0.402910
-0.055556
-0.041632
-0.084515
-0.169366
-0.036616
-0.010638
0.858508
-0.036616
-0.124810
-0.017241
-0.130832
-0.066667
-0.014706
-0.012195
-0.064723
-0.030463
-0.017857
-0.104701
-0.125000
-0.055556
-0.033333
-0.023810
0.164401
-0.033333
-0.014706
-0.016667
-0.018519
-0.070187
-0.010989
0.563063
-0.014706
-0.015873
-0.210870
-0.187500
-0.015385
-0.026151
-0.014706
-0.038462
-0.014085
-0.013699
-0.011628
0.909634
-0.014706
-0.020000
-0.012048
-0.082448
-0.040000
-0.023141
-0.075876
-0.017241
-0.036802
-0.026857
-0.354167
-0.029006
-0.037220
-0.029012
-0.111111
1.073100
-0.052987
-0.054739
-0.020836
-0.042766
-0.486111
-0.033333
-0.037037
-0.028386
-0.028070
-0.088287
-0.100000
-0.012987
-0.076923
-0.010638
0.157629
-0.054739
-0.035714
-0.038462
-0.016949
-0.011765
0.140393
-0.035714
-0.038095
-0.038514
-0.028070
0.201994
-0.038095
-0.043478
-0.013514
-0.029983
-0.076923
0.642586
-0.043478
-0.068376
-0.041667
-0.402910
-0.014493
-0.012821
-0.027652
-0.031190
0.866799
-0.027652
-0.169366
-0.041393
-0.103788
-0.130832
-0.333333
-0.026736
-0.033699
0.395522
-0.026736
-0.311111
-0.030463
-0.027212
0.634190
-0.311111
-0.125000
-0.085921
-0.014493
-0.011905
-0.025641
-0.047619
-0.012500
0.405650
-0.011905
-0.041667
-0.010989
-0.088889
-0.010309
-0.027027
-0.012658
-0.187500
-0.014706
0.370440
-0.027027
-0.121429
-0.050000
-0.026151
-0.145833
0.219979
-0.121429
-0.041667
-0.016129
-0.013699
-0.015152
-0.011905
0.501517
-0.041667
-0.043905
-0.031250
-0.082448
-0.058824
-0.069608
-0.047619
-0.021673
-0.024390
-0.038126
-0.031019
-0.010989
0.177267
-0.038126
-0.029012
-0.028495
-0.071429
-0.010204
0.234187
-0.100000
-0.048538
-0.022222
-0.014493
-0.038407
-0.010526
0.208879
-0.048538
-0.086134
-0.031190
-0.043016
0.175628
-0.086134
-0.026709
-0.041393
-0.021391
0.574686
-0.026709
-0.103788
-0.035119
-0.043478
-0.333333
-0.032258
0.200453
-0.043478
-0.027778
-0.037037
-0.038462
-0.033699
-0.020000
0.793250
-0.027778
-0.032987
-0.010309
-0.027212
-0.058824
-0.025829
-0.085921
-0.524390
0.758453
-0.025829
-0.522222
-0.047619
-0.100282
-0.062500
0.738347
-0.522222
-0.057177
-0.088889
-0.070059
0.162489
-0.057177
-0.027652
-0.014706
-0.051843
-0.011111
0.480908
-0.027652
-0.145833
-0.029012
-0.015152
-0.119074
-0.023256
-0.051236
-0.058824
-0.010870
0.318752
-0.051236
-0.142157
-0.069608
-0.055751
0.216469
-0.142157
-0.027364
-0.021673
-0.025275
0.169115
-0.027364
-0.031019
-0.037790
-0.011236
-0.022222
-0.028495
-0.010989
0.110373
-0.011236
-0.010204
-0.043478
-0.045455
0.596332
-0.486111
-0.010204
-0.052632
-0.019608
-0.027778
0.479755
-0.010204
-0.111111
-0.088287
-0.053862
-0.013514
-0.136111
-0.025000
-0.041667
0.238905
-0.136111
-0.023911
-0.038407
-0.040476
0.484047
-0.023911
-0.043016
-0.113636
-0.033516
-0.021391
-0.147009
-0.066449
-0.035119
0.452896
-0.066449
-0.032258
-0.158917
-0.018182
-0.020000
-0.035714
-0.028070
-0.058824
-0.034483
0.640410
-0.028070
-0.062821
-0.524390
-0.025129
0.250012
-0.062821
-0.045455
-0.010204
-0.100282
-0.031250
0.210493
-0.045455
-0.012346
-0.058824
-0.012821
-0.070059
-0.010989
0.193393
-0.012346
-0.036725
-0.052632
-0.051843
-0.039848
0.422327
-0.036725
-0.011628
-0.333333
-0.029012
-0.011628
0.781857
-0.011628
-0.048942
-0.047619
-0.119074
-0.012500
-0.022864
-0.519231
0.155057
-0.022864
-0.052027
-0.055751
-0.024415
0.146850
-0.052027
-0.027864
-0.025275
-0.041685
0.288068
-0.027864
-0.192308
-0.037790
-0.030107
0.394910
-0.192308
-0.091008
-0.010989
-0.060606
-0.040000
0.147999
-0.091008
-0.043478
-0.013514
0.415401
-0.033333
-0.045455
-0.089744
-0.031250
-0.027778
-0.076918
-0.029412
-0.014493
-0.013158
-0.053862
0.382131
-0.014493
-0.017241
-0.015873
-0.142857
-0.025000
-0.166667
0.421987
-0.017241
-0.018182
-0.040476
-0.066731
-0.025568
-0.113636
-0.140152
1.043468
-0.025568
-0.166667
-0.147009
-0.115385
-0.047619
-0.039272
-0.158917
-0.020305
-0.274527
-0.024390
-0.023810
0.401032
-0.024390
-0.011111
-0.025129
-0.178063
-0.031250
-0.010309
-0.096970
-0.010989
-0.012821
0.255860
-0.096970
-0.031250
-0.010870
-0.039848
-0.076923
0.139480
-0.031250
-0.010989
-0.027027
-0.018182
-0.011628
-0.018182
-0.022222
0.169306
-0.010989
-0.038304
-0.030303
-0.012500
-0.057210
-0.020000
0.600571
-0.038304
-0.017241
-0.014925
-0.519231
-0.010870
0.711676
-0.017241
-0.111111
-0.500000
-0.041667
-0.024415
-0.017241
0.502657
-0.111111
-0.142361
-0.029412
-0.041685
-0.049157
-0.098824
-0.030107
0.274686
-0.098824
-0.060606
-0.051743
-0.013514
-0.050000
1.188649
-0.045455
-0.098654
-0.037724
-0.024390
-0.119291
-0.261683
-0.017857
-0.091416
-0.200000
-0.215385
-0.012821
-0.011628
-0.025000
-0.027347
0.755806
-0.098654
-0.063748
-0.016129
-0.076918
-0.059524
-0.076923
-0.166667
-0.010753
-0.015152
-0.013699
-0.066731
-0.090909
0.236340
-0.015152
-0.045833
-0.013889
-0.140152
-0.021315
0.406620
-0.045833
-0.040917
-0.115385
-0.016667
-0.031250
-0.070370
-0.033566
-0.052632
0.276235
-0.070370
-0.048060
-0.020305
-0.137500
0.409890
-0.048060
-0.274527
-0.037530
-0.017241
-0.022222
-0.010309
0.593145
-0.017241
-0.125000
-0.178063
-0.032603
-0.084722
-0.155515
0.365181
-0.155515
-0.059384
-0.076923
-0.051619
-0.021739
0.284590
-0.059384
-0.018182
-0.077961
-0.021739
-0.032258
-0.017857
-0.057210
0.690673
-0.032258
-0.011364
-0.010870
-0.026389
-0.013514
-0.017241
-0.048186
-0.045455
-0.022403
-0.049157
-0.220961
-0.083333
-0.012346
-0.045455
-0.051743
0.088837
-0.012346
-0.050000
-0.013158
-0.013333
0.439461
-0.027347
-0.090909
-0.043537
-0.142857
-0.055383
-0.021315
-0.058113
1.119732
-0.055383
-0.014925
-0.013889
-0.016667
-1.000000
-0.018868
0.960133
-0.014925
-0.015873
-0.033566
-0.073232
-0.137500
-0.084238
-0.037530
-0.137987
-0.345992
-0.016949
-0.018868
-0.010870
-0.032603
0.244465
-0.018868
-0.012821
-0.084722
-0.103603
-0.024451
0.424107
-0.024451
-0.051619
-0.096970
-0.077961
-0.098268
-0.011494
-0.036954
-0.026389
0.213591
-0.036954
-0.090909
-0.023256
-0.048186
-0.014286
1.376949
-0.090909
-0.027027
-0.220961
-0.390259
-0.010204
-0.514286
-0.043478
-0.013158
-0.066667
0.764075
-0.261683
-0.031397
-0.183060
-0.033699
-0.012821
-0.060847
-0.040000
-0.083333
-0.043537
-0.013699
1.735661
-0.040000
-0.250000
-0.058113
-0.022730
-1.000000
-0.112637
-0.017241
-0.112500
-0.073232
-0.049207
0.593312
-0.112500
-0.029514
-0.084238
-0.106643
-0.260417
1.344615
-0.260417
-0.345992
-0.085973
-0.011364
-0.028571
-0.103603
-0.299198
-0.024909
-0.047619
-0.040000
-0.096970
0.403597
-0.047619
-0.028727
-0.015625
-0.098268
-0.043173
-0.041291
-0.074646
-0.014286
-0.024810
-0.015152
0.798531
-0.074646
-0.390259
-0.289766
-0.043860
0.787312
-0.043860
-0.178030
-0.514286
-0.051136
0.267953
-0.178030
-0.066667
-0.023256
0.433992
-0.215385
-0.155556
-0.031397
-0.031655
0.357851
-0.155556
-0.023393
-0.033699
-0.046402
-0.045455
-0.028958
-0.024390
0.179231
-0.028958
-0.013699
-0.053899
-0.016129
-0.013514
-0.030303
-0.022730
2.179638
-0.013514
-0.040829
-0.012658
-0.112637
-2.000000
0.640079
-0.040829
-0.049207
-0.109972
-0.106643
-0.018182
-0.050108
-0.085973
-0.032905
-0.040199
-0.106061
1.796674
-0.040199
-0.028043
-0.299198
-0.018868
-0.060606
-1.063886
-0.012658
-0.262346
-0.010870
0.519793
-0.262346
-0.066667
-0.043173
-0.036445
-0.012500
-0.076923
-0.021739
0.340848
-0.076923
-0.077206
-0.076923
-0.041291
-0.068505
0.262719
-0.077206
-0.087814
-0.024810
-0.072890
0.826662
-0.087814
-0.057258
-0.289766
-0.347826
-0.024390
-0.019608
0.201769
-0.024390
-0.016667
-0.051136
-0.052987
-0.023256
-0.033333
0.339497
-0.012821
-0.011111
-0.250000
-0.010101
-0.031655
-0.023810
0.873468
-0.011111
-0.023256
-0.046402
-0.197917
-0.500000
-0.056268
-0.038515
2.973344
-0.056268
-0.065608
-0.053899
-0.474208
-0.120401
-0.076923
-0.126036
-2.000000
0.381644
-0.126036
-0.109972
-0.029647
-0.063540
-0.040400
-0.012048
0.139361
-0.040400
-0.010753
-0.025000
-0.032905
-0.030303
0.323112
-0.010753
-0.017544
-0.106061
-0.045246
-0.010753
-0.013889
-0.018868
-0.100000
2.439786
-0.010753
-0.010204
-1.063886
-1.143446
-0.010204
-0.073935
-0.036445
-0.037037
-0.010989
-0.012987
-0.017241
-0.012658
0.447327
-0.010989
-0.027778
-0.068505
-0.114105
-0.153061
-0.072890
1.010454
-0.153061
-0.347826
-0.329004
-0.011905
-0.038226
-0.011364
-0.066082
-0.052987
0.116959
-0.066082
-0.033333
-0.017544
0.516825
-0.011628
-0.043228
-0.024390
-0.045098
-0.023810
-0.028571
-0.115152
-0.197917
-0.027032
0.811419
-0.115152
-0.038515
-0.024846
-0.474208
-0.025942
-0.023810
-0.049098
-0.018182
-0.017857
-0.023810
0.224247
-0.017857
-0.083333
-0.014085
-0.012658
-0.029647
-0.066667
2.092608
-0.083333
-0.028571
-0.063540
-0.038640
-0.031278
-0.030303
-0.081834
-0.032258
-0.045246
-0.021169
-0.124893
-0.012048
-0.052668
-1.143446
-0.087943
-0.011628
-0.023810
-0.166667
-0.013333
0.492559
-0.023810
-0.200000
-0.012987
-0.027027
-0.017241
-0.011494
-0.200000
0.510219
-0.200000
-0.100000
-0.114105
-0.072986
-0.023128
0.710845
-0.023128
-0.061427
-0.329004
-0.154848
-0.034483
-0.062500
-0.045455
0.101223
-0.062500
-0.017544
-0.010309
-0.010870
0.536401
-0.043228
-0.439800
-0.037749
-0.015625
0.338165
-0.037749
-0.057823
-0.027032
-0.153370
-0.037346
-0.024846
0.488929
-0.037346
-0.200000
-0.200000
-0.025942
-0.025641
0.829469
-0.200000
-0.082540
-0.017544
-0.049098
-0.015152
-0.080357
-0.013333
-0.158242
-0.066667
-0.123810
-0.022727
0.254871
-0.158242
-0.018182
-0.028571
-0.038640
-0.011236
0.137992
-0.018182
-0.042487
-0.010309
-0.031278
-0.035737
0.370586
-0.042487
-0.081834
-0.067982
-0.088889
-0.089394
0.614781
-0.088889
-0.077778
-0.124893
-0.047371
-0.016949
-0.025000
-0.090909
-0.010417
-0.041667
-0.090909
2.040656
-0.090909
-0.083477
-0.333333
-0.013333
-0.545298
-0.025641
-0.264925
-0.011494
-0.016129
-0.072986
-0.083333
-0.142051
-0.040784
-0.154848
-0.011628
-0.025486
-0.125000
0.098295
-0.025486
-0.010309
-0.062500
2.681292
-0.439800
-0.732233
-0.047778
-0.073529
-0.153370
-0.076923
-0.025641
-0.011111
-0.023256
-1.000000
-0.015152
-0.062500
-0.020000
0.294541
-0.023256
-0.142857
-0.018182
-0.017544
-0.080357
-0.012346
0.386412
-0.142857
-0.022727
-0.010417
-0.027778
-0.123810
-0.058824
0.141819
-0.022727
-0.011765
-0.015152
-0.011364
-0.011236
-0.058824
-0.010753
0.345483
-0.011765
-0.050688
-0.083333
-0.035737
-0.031250
-0.024961
-0.067982
-0.039766
0.658052
-0.024961
-0.089394
-0.386405
-0.033361
-0.047371
-0.038462
-0.038099
0.239569
-0.038099
-0.028413
-0.041667
-0.087912
-0.043478
0.817684
-0.028413
-0.545298
-0.076444
-0.033333
-0.011111
-0.084890
-0.038194
0.997197
-0.084890
-0.025383
-0.142051
-0.560135
-0.012195
-0.012821
-0.097222
-0.062500
1.252501
-0.732233
-0.011364
-0.051743
-0.078175
-0.125000
-0.054012
-0.020000
-0.027526
-0.114085
-0.038364
0.253703
-0.114085
-0.033333
-0.014925
-0.062500
-0.015873
-0.012987
0.132431
-0.033333
-0.014493
-0.025641
-0.014925
-0.012346
-0.010417
-0.021277
0.283938
-0.014493
-0.011628
-0.055556
-0.024390
-0.058824
-0.083333
-0.035714
0.210715
-0.011628
-0.068478
-0.011628
-0.058824
-0.031586
-0.028571
0.551440
-0.068478
-0.049331
-0.031250
-0.366667
-0.035714
1.968541
-0.049331
-0.039766
-0.160714
-0.386405
-0.088732
-1.023256
-0.166667
-0.020000
-0.018519
-0.015152
0.195070
-0.020000
-0.029412
-0.013158
-0.014286
-0.087912
-0.030303
1.216586
-0.029412
-1.000000
-0.076444
-0.033233
-0.032258
-0.033333
-0.011905
1.118020
-0.032258
-0.010204
-0.038194
-0.316844
-0.560135
-0.020000
-0.074755
-0.044796
-0.020833
0.270040
-0.011364
-0.020000
-0.034992
-0.058824
-0.072727
-0.030467
-0.041667
0.307875
-0.020000
-0.040000
-0.078175
-0.067227
-0.076832
-0.025641
0.179703
-0.076832
-0.043011
-0.027526
-0.032334
0.895593
-0.043011
-0.038364
-0.687075
-0.032258
-0.012346
-0.015873
-0.066667
1.124206
-0.032258
-0.010870
-0.010417
-0.295256
-0.045455
-0.083333
-0.011765
-0.031586
-0.366667
-0.030877
-0.160714
-0.045009
0.352740
-0.030877
-0.043247
-0.088732
-0.103895
-0.073489
-0.012500
1.197096
-0.073489
-0.042590
-0.015152
-1.010309
-0.055556
0.356068
-0.042590
-0.030303
-0.056691
-0.020833
-0.050195
-0.033233
-0.122222
0.171249
-0.050195
-0.040436
-0.011905
-0.058612
-0.010101
1.032447
-0.040436
-0.555556
-0.316844
-0.083483
-0.036129
0.305760
-0.036129
-0.074755
-0.179950
-0.014925
1.170384
-0.072727
-0.083333
-0.067227
-0.176996
-0.032334
-0.687075
-0.038927
-0.011765
0.626307
-0.038927
-0.295256
-0.211922
-0.040123
-0.040079
0.507394
-0.040079
-0.333333
-0.071429
-0.045009
-0.017544
2.108399
-0.333333
-0.023810
-0.103895
-0.142857
-0.062500
-0.175115
-0.089685
-1.010309
-0.010204
-0.100000
-0.056691
0.210857
-0.010204
-0.032258
-0.012500
-0.016129
-0.122222
-0.017544
1.044578
-0.032258
-0.046537
-0.011236
-0.058612
-0.114085
-0.145000
-0.083483
-0.014286
-0.043636
-0.046316
-0.179950
-0.231092
-0.038087
1.033573
-0.030467
-0.176996
-0.013333
-0.018182
-0.216667
-0.015385
-0.132850
-0.041667
-0.038820
-0.333333
-0.015873
1.437028
-0.333333
-0.034856
-0.022222
-0.211922
-0.083616
-0.026553
-0.521277
-0.010417
-0.101923
-0.090909
0.378998
-0.101923
-0.017544
-0.056068
-0.047619
-0.012987
-0.142857
0.270955
-0.047619
-0.045238
-0.019231
-0.089685
-0.038615
-0.030567
0.279480
-0.030567
-0.017544
-0.023256
-0.114085
-0.045455
-0.038158
-0.010417
0.154077
-0.038158
-0.043636
-0.032675
-0.039608
0.723360
-0.039608
-0.061427
-0.231092
-0.333333
-0.057899
0.088203
-0.041667
-0.012821
-0.010989
-0.022727
0.109535
-0.012821
-0.023256
-0.037037
-0.010101
-0.013333
-0.012987
0.591183
-0.023256
-0.513333
-0.028571
-0.015385
-0.010638
0.670679
-0.513333
-0.060124
-0.041667
-0.055556
0.473152
-0.060124
-0.055764
-0.038820
-0.185154
-0.025934
-0.083616
-0.023740
0.109255
-0.023740
-0.030303
-0.030303
-0.010417
-0.014493
0.409881
-0.030303
-0.214493
-0.038462
-0.090909
-0.035714
0.929131
-0.214493
-0.056068
-0.062500
-0.015385
-0.092632
-0.038615
-0.034483
-0.079167
-0.046635
-0.072239
-0.026993
-0.023256
-0.166667
0.430174
-0.026993
-0.333333
-0.013158
-0.045455
-0.011236
0.506297
-0.333333
-0.100000
-0.016393
-0.012821
-0.010417
-0.033333
0.525090
-0.100000
-0.018868
-0.032675
-0.010417
-0.113131
-0.250000
0.505180
-0.113131
-0.039848
-0.333333
-0.018868
0.311466
-0.039848
-0.176923
-0.057899
-0.036797
0.566862
-0.010989
-0.515873
-0.040000
0.580740
-0.515873
-0.041353
-0.012987
-0.010526
0.651952
-0.041353
-0.010638
-0.011905
-0.032500
-0.055556
-0.500000
1.608951
-0.032500
-0.022984
-0.185154
-0.250000
-0.025641
-1.048200
-0.029979
-0.014493
1.126073
-0.029979
-1.045455
-0.035714
-0.014925
1.241563
-1.045455
-0.022497
-0.062500
-0.111111
0.083444
-0.022497
-0.033514
-0.015385
-0.012048
0.325925
-0.033514
-0.247619
-0.034483
-0.010309
0.400773
-0.247619
-0.046635
-0.020833
-0.042208
-0.043478
0.883652
-0.042208
-0.046678
-0.166667
-0.023810
-0.011236
-0.500000
-0.041539
-0.033333
-0.018182
0.153695
-0.041539
-0.035072
-0.010417
-0.066667
0.364427
-0.035072
-0.060124
-0.250000
-0.019231
0.209644
-0.060124
-0.031822
-0.018868
-0.042803
-0.036797
-0.019231
0.378538
-0.040000
-0.229753
-0.010526
-0.086354
-0.011905
0.985955
-0.086354
-0.026768
-0.500000
-0.100000
-0.022833
-0.250000
0.228859
-0.022833
-0.140385
-0.025641
-0.040000
1.514714
-0.140385
-1.048200
-0.111111
-0.093590
-0.096154
-0.014286
-0.010989
0.389964
-0.014286
-0.037048
-0.032258
-0.014925
-0.016949
-0.111111
-0.066667
-0.068543
-0.012048
-0.016129
0.406463
-0.068543
-0.010309
-0.029412
-0.027366
-0.020833
-0.250000
0.178782
-0.027366
-0.076923
-0.017857
-0.043478
-0.013158
0.223868
-0.076923
-0.063889
-0.011628
-0.023810
-0.047619
1.603192
-0.063889
-1.012987
-0.500000
-0.026316
1.572141
-1.012987
-0.223810
-0.018182
-0.211111
-0.039385
-0.066667
0.294530
-0.039385
-0.200000
-0.023256
-0.019231
-0.012658
0.366711
-0.200000
-0.031063
-0.038462
-0.042803
-0.011905
-0.021739
-0.010101
-0.010638
0.065155
-0.021739
-0.019231
-0.014085
-0.010101
0.497531
-0.229753
-0.100000
-0.040000
-0.016667
-0.111111
0.139974
-0.016667
-0.096154
-0.010204
-0.016949
0.088499
-0.010204
-0.011628
-0.066667
0.083484
-0.011628
-0.016129
-0.026316
-0.029412
0.287427
-0.026316
-0.011111
-0.250000
0.035505
-0.011111
-0.011236
-0.013158
0.080132
-0.011236
-0.021277
-0.047619
0.093047
-0.021277
-0.045455
-0.026316
0.291767
-0.045455
-0.211111
-0.012658
-0.010638
-0.011905
0.042110
-0.010638
-0.020833
-0.010638
0.034918
-0.020833
-0.014085
0.162546
-0.150641
0.053567
-0.035386
-0.018182
0.714493
-0.200000
-0.500000
-0.014493
0.078455
-0.022727
-0.026316
-0.029412
0.070287
-0.043972
-0.026316
0.065407
-0.035104
-0.030303
0.043546
-0.012048
-0.015625
-0.015873
0.073565
-0.018182
-0.011905
-0.043478
0.119057
-0.010870
-0.055556
0.057621
-0.046983
-0.010638
0.132997
-0.013699
-0.052632
-0.066667
0.166163
-0.011111
-0.142857
-0.012195
0.051768
-0.033911
-0.017857
0.081412
-0.025856
-0.055556
0.045762
-0.030377
-0.015385
0.101297
-0.052632
-0.037037
-0.011628
0.074560
-0.021739
-0.012821
-0.040000
0.048722
-0.031481
-0.017241
0.101846
-0.090081
-0.011765
0.058275
-0.045455
-0.012821
0.458143
-0.124810
-0.333333
0.119194
-0.104701
-0.014493
0.054828
-0.023810
-0.018519
-0.012500
0.042849
-0.016667
-0.015873
-0.010309
0.070366
-0.038462
-0.020000
-0.011905
0.070760
-0.023141
-0.047619
0.061192
-0.036802
-0.024390
0.037846
-0.026857
-0.010989
0.100435
-0.029006
-0.071429
0.059297
-0.020836
-0.038462
0.065818
-0.013514
-0.041667
-0.010638
0.078902
-0.068376
-0.010526
0.129808
-0.025641
-0.041667
-0.062500
0.073769
-0.012658
-0.050000
-0.011111
0.070635
-0.016129
-0.031250
-0.023256
0.054774
-0.043905
-0.010870
0.042766
-0.042766
0.041899
-0.028386
-0.013514
0.076876
-0.012987
-0.022222
-0.041667
0.389977
-0.333333
-0.038462
-0.018182
0.083061
-0.037037
-0.010309
-0.035714
0.067470
-0.032987
-0.034483
0.107677
-0.022222
-0.045455
-0.040000
0.087895
-0.037037
-0.019608
-0.031250
0.193154
-0.052632
-0.111111
-0.029412
0.081136
-0.033516
-0.047619
0.033334
-0.010204
-0.012821
-0.010309
0.124276
-0.058824
-0.052632
-0.012821
0.403175
-0.333333
-0.047619
-0.022222
0.068942
-0.048942
-0.020000
0.114134
-0.089744
-0.024390
0.232938
-0.013158
-0.142857
-0.076923
0.044808
-0.015873
-0.018182
-0.010753
0.197917
-0.166667
-0.031250
0.091904
-0.039272
-0.052632
0.045230
-0.023810
-0.011111
-0.010309
0.050791
-0.010870
-0.018182
-0.021739
0.079069
-0.027027
-0.030303
-0.021739
0.070106
-0.014925
-0.041667
-0.013514
0.574866
-0.500000
-0.029412
-0.045455
0.225694
-0.142361
-0.083333
0.053853
-0.037724
-0.016129
0.081605
-0.063748
-0.017857
0.259524
-0.059524
-0.200000
0.170445
-0.013699
-0.013889
-0.142857
0.059785
-0.040917
-0.018868
0.164171
-0.022222
-0.125000
-0.016949
0.040715
-0.017857
-0.011364
-0.011494
0.032607
-0.022403
-0.010204
0.102266
-0.045455
-0.013333
-0.043478
0.119291
-0.119291
0.104236
-0.091416
-0.012821
0.047003
-0.013889
-0.015873
-0.017241
0.149351
-0.137987
-0.011364
0.052262
-0.010870
-0.012821
-0.028571
0.065434
-0.023256
-0.027027
-0.015152
0.228515
-0.183060
-0.045455
0.085237
-0.060847
-0.024390
0.349462
-0.083333
-0.250000
-0.016129
0.047696
-0.029514
-0.018182
0.037568
-0.024909
-0.012658
0.066495
-0.040000
-0.015625
-0.010870
0.041227
-0.028727
-0.012500
0.523393
-0.023393
-0.500000
0.119884
-0.030303
-0.012658
-0.076923
0.062156
-0.050108
-0.012048
0.128043
-0.028043
-0.100000
0.070810
-0.060606
-0.010204
0.103704
-0.066667
-0.037037
0.111320
-0.021739
-0.076923
-0.012658
0.069163
-0.057258
-0.011905
0.047638
-0.019608
-0.016667
-0.011364
0.059491
-0.025000
-0.010101
-0.024390
0.301827
-0.250000
-0.023256
-0.028571
0.089418
-0.065608
-0.023810
0.138583
-0.120401
-0.018182
0.074802
-0.025000
-0.017544
-0.032258
0.036141
-0.013889
-0.010204
-0.012048
0.085563
-0.073935
-0.011628
0.240765
-0.012987
-0.027778
-0.200000
0.072709
-0.038226
-0.034483
0.060723
-0.045098
-0.015625
0.049801
-0.023810
-0.012658
-0.013333
0.065383
-0.014085
-0.028571
-0.022727
0.038119
-0.021169
-0.016949
0.077668
-0.052668
-0.025000
0.178852
-0.087943
-0.090909
0.219335
-0.166667
-0.027027
-0.025641
0.129116
-0.012987
-0.100000
-0.016129
0.073055
-0.061427
-0.011628
0.181324
-0.045455
-0.010870
-0.125000
0.134746
-0.057823
-0.076923
0.228655
-0.200000
-0.017544
-0.011111
0.102540
-0.082540
-0.020000
0.049633
-0.028571
-0.010309
-0.010753
0.116239
-0.077778
-0.038462
0.387228
-0.010417
-0.333333
-0.043478
0.116810
-0.083477
-0.033333
0.276036
-0.264925
-0.011111
0.095528
-0.083333
-0.012195
0.053604
-0.040784
-0.012821
0.172778
-0.047778
-0.125000
0.093529
-0.073529
-0.020000
1.030531
-1.000000
-0.017544
-0.012987
0.067236
-0.018182
-0.027778
-0.021277
0.057495
-0.010417
-0.011364
-0.035714
0.127056
-0.015152
-0.083333
-0.028571
0.086403
-0.050688
-0.035714
0.200027
-0.033361
-0.166667
0.045383
-0.025383
-0.020000
0.118056
-0.097222
-0.020833
0.110566
-0.051743
-0.058824
0.079653
-0.054012
-0.025641
0.096517
-0.014925
-0.014925
-0.066667
0.095486
-0.025641
-0.024390
-0.045455
0.078948
-0.055556
-0.011628
-0.011765
1.035756
-1.023256
-0.012500
0.088360
-0.018519
-0.014286
-0.055556
1.033991
-0.013158
-1.000000
-0.020833
0.053638
-0.033333
-0.010204
-0.010101
0.059722
-0.044796
-0.014925
0.074992
-0.034992
-0.040000
0.034980
-0.012346
-0.010870
-0.011765
0.105747
-0.043247
-0.062500
0.569841
-0.555556
-0.014286
0.101515
-0.083333
-0.018182
0.040123
-0.040123
0.095238
-0.071429
-0.023810
0.175115
-0.175115
0.116129
-0.100000
-0.016129
0.023736
-0.012500
-0.011236
0.046537
-0.046537
0.145000
-0.145000
0.046316
-0.046316
0.038087
-0.038087
0.216667
-0.216667
0.132850
-0.132850
0.038095
-0.015873
-0.022222
0.034856
-0.034856
0.026553
-0.026553
0.521277
-0.521277
0.032218
-0.012987
-0.019231
0.045238
-0.045238
0.061427
-0.061427
0.032828
-0.022727
-0.010101
0.065608
-0.037037
-0.028571
0.055764
-0.055764
0.025934
-0.025934
0.068765
-0.030303
-0.038462
0.092632
-0.092632
0.079167
-0.079167
0.072239
-0.072239
0.025978
-0.013158
-0.012821
0.035261
-0.016393
-0.018868
0.176923
-0.176923
0.022984
-0.022984
0.046678
-0.046678
0.031822
-0.031822
0.026768
-0.026768
0.093590
-0.093590
0.043247
-0.010989
-0.032258
0.037048
-0.037048
0.029485
-0.017857
-0.011628
0.223810
-0.223810
0.061717
-0.023256
-0.038462
0.031063
-0.031063
0.020202
-0.010101
-0.010101
0
236
6
7
237
1
238
8
1
0
2
239
238
9
2
1
239
9
10
240
241
11
3
12
3
2
13
4
242
14
4
3
5
243
242
15
5
4
16
243
6
7
244
0
18
7
6
0
18
245
8
246
19
237
8
7
9
247
246
0
19
238
9
8
248
247
1
19
239
249
2
10
20
10
9
250
2
21
11
240
11
10
12
251
2
21
241
12
11
13
252
251
2
22
13
12
253
252
3
22
14
14
13
15
3
22
242
15
14
16
4
22
243
16
15
5
22
17
23
254
24
25
18
26
18
17
255
27
244
6
7
28
19
245
19
18
256
7
28
246
8
247
9
29
248
257
30
249
20
258
20
19
21
259
258
9
31
21
20
259
10
31
250
32
22
260
11
33
251
22
21
260
12
34
252
261
13
253
262
263
14
264
15
35
16
23
17
24
265
272
50
66
279
273
25
51
36
274
26
266
24
23
25
265
17
254
25
24
26
17
23
26
25
27
266
17
23
27
26
267
266
18
36
255
28
37
28
27
18
38
39
19
256
29
40
29
28
30
19
41
30
29
19
41
257
31
268
42
258
31
30
268
20
43
259
32
269
21
44
32
31
33
269
21
45
33
32
34
270
21
45
260
34
33
271
270
22
45
46
261
47
262
35
48
263
35
34
22
48
264
49
36
23
37
274
27
52
267
37
36
38
27
53
38
37
39
28
53
39
38
28
53
40
275
54
40
39
41
276
275
28
54
41
40
277
276
29
54
42
30
55
42
41
43
30
56
268
43
42
44
31
57
44
43
45
31
58
269
45
44
32
59
33
60
270
46
34
271
46
45
47
34
61
47
46
48
34
62
48
47
34
63
49
278
35
64
49
48
35
65
278
50
23
51
280
279
66
51
50
280
23
66
273
52
67
274
52
51
53
36
68
53
52
37
68
281
38
69
54
39
54
53
39
69
275
40
276
55
41
277
55
54
56
41
70
56
55
57
282
42
70
57
56
58
283
282
43
70
58
57
59
283
44
71
59
58
60
284
45
72
60
59
285
284
45
73
61
74
61
60
62
46
75
62
61
63
47
76
63
62
64
48
76
64
63
65
48
77
278
65
64
49
77
66
23
78
286
279
50
79
280
67
287
51
67
66
68
288
287
51
79
68
67
288
52
79
69
53
80
69
68
289
53
81
281
290
54
82
83
70
291
70
69
291
55
84
56
282
71
57
283
71
70
72
292
58
85
72
71
73
293
292
59
86
284
73
72
74
293
60
86
285
74
73
75
294
60
87
75
74
76
295
294
61
87
76
75
296
295
62
87
77
63
77
76
64
87
65
88
78
66
79
297
286
306
96
298
307
299
104
115
125
328
89
79
78
298
297
66
299
287
67
288
80
300
68
89
80
79
81
300
68
89
81
80
301
69
90
289
82
91
290
82
81
83
69
91
83
82
69
91
84
302
291
84
83
302
70
91
92
85
85
84
86
71
93
292
86
85
72
93
293
87
303
73
87
86
303
74
93
294
75
94
295
304
76
95
296
88
305
77
88
87
77
95
305
89
78
79
96
300
90
80
97
90
89
91
308
81
97
301
91
90
308
81
97
82
98
83
309
99
302
92
310
84
92
91
310
84
99
93
93
92
85
99
86
100
303
94
87
94
93
95
311
87
100
95
94
311
87
101
304
102
305
88
103
96
78
104
312
105
307
313
97
314
89
106
97
96
314
89
106
90
107
308
98
91
108
98
97
315
91
108
99
99
98
91
108
309
310
92
109
316
100
317
93
100
99
318
317
93
110
111
101
94
112
311
101
100
95
113
102
102
101
103
95
114
103
102
95
114
104
78
105
96
115
105
104
319
96
116
312
106
313
106
105
96
117
314
107
320
97
107
106
108
320
97
117
108
107
97
118
98
315
321
99
119
109
120
109
108
322
99
120
323
121
316
110
317
110
109
324
100
121
318
111
325
111
110
112
325
100
122
112
111
113
100
122
113
112
326
101
123
114
327
114
113
327
102
123
103
124
115
78
116
329
328
104
125
116
115
329
105
125
319
117
126
117
116
330
106
126
331
320
118
107
118
117
108
127
128
119
321
119
118
120
332
108
128
120
119
332
108
128
121
333
109
322
121
120
333
109
128
323
334
110
324
122
335
129
325
122
121
335
111
130
123
112
123
122
113
131
326
336
327
124
114
124
123
114
132
125
78
133
328
337
115
329
126
116
134
126
125
116
134
117
135
330
136
331
127
338
127
126
128
339
338
118
136
128
127
339
118
137
138
119
139
332
120
340
140
333
341
121
342
334
129
343
141
129
128
130
344
343
121
141
335
130
129
344
122
141
131
131
130
345
123
141
336
132
346
132
131
124
142
346
133
125
143
134
337
134
133
347
125
143
135
126
135
134
136
348
126
143
136
135
349
348
126
143
144
338
137
127
145
339
137
136
138
350
128
146
138
137
139
350
128
147
139
138
128
147
140
148
140
139
351
128
148
340
341
141
352
149
342
141
140
353
352
128
150
343
354
129
344
130
355
151
356
131
345
142
346
142
141
132
151
143
133
152
357
358
134
347
135
348
144
359
136
153
349
144
143
145
360
359
136
154
145
144
146
361
360
136
155
146
145
147
362
361
137
156
350
147
146
363
362
138
157
148
139
158
148
147
139
158
364
140
351
149
149
148
150
140
159
352
150
149
141
160
353
354
151
161
151
150
365
141
161
355
356
366
142
152
143
162
367
163
357
368
358
164
153
165
153
152
154
369
143
165
359
154
153
155
370
369
144
166
360
155
154
156
371
370
145
166
361
156
155
157
371
146
166
362
157
156
158
147
166
363
158
157
147
166
148
167
372
364
159
373
168
159
158
160
374
373
149
169
160
159
374
150
169
161
375
170
161
160
375
150
171
151
365
172
376
366
162
152
163
377
367
173
179
186
163
162
377
152
173
164
368
164
163
165
152
173
165
164
152
173
166
378
153
369
166
165
378
154
174
370
155
371
156
157
167
158
175
167
166
379
158
176
168
372
168
167
169
158
176
373
169
168
159
176
374
170
160
177
170
169
171
160
178
375
171
170
380
161
178
172
172
171
161
178
376
173
162
381
163
179
164
165
174
378
174
173
166
180
382
175
175
174
176
383
166
181
176
175
383
167
181
379
384
182
168
177
385
169
177
176
178
386
385
169
183
178
177
387
386
170
183
388
171
380
184
389
172
185
390
179
162
173
187
381
391
188
392
189
190
180
393
180
179
394
393
174
190
395
396
191
181
192
181
180
175
193
182
397
176
182
181
398
397
176
193
183
183
182
177
193
178
194
184
195
184
183
178
196
185
185
184
399
178
197
198
186
162
187
199
400
187
186
188
401
400
179
200
188
187
189
401
179
201
189
188
190
179
201
190
189
402
179
202
403
180
191
191
190
192
404
180
202
192
191
193
404
180
203
193
192
181
204
205
405
182
206
406
207
407
194
183
208
194
193
195
408
183
208
195
194
196
409
408
183
208
196
195
409
184
209
197
210
197
196
198
185
211
198
197
410
185
211
199
186
200
212
200
199
201
187
212
201
200
188
212
202
189
213
202
201
411
190
213
214
215
203
191
203
202
204
192
216
204
203
205
193
216
205
204
206
193
216
206
205
207
193
217
207
206
193
217
208
218
208
207
412
193
219
194
220
209
195
221
209
208
210
196
221
210
209
211
196
222
211
210
413
197
223
198
224
212
199
225
200
213
201
213
212
414
201
225
214
202
214
213
215
202
225
215
214
202
225
415
226
216
416
216
215
417
416
203
226
204
227
217
205
228
217
216
206
228
218
207
229
218
217
219
418
207
230
219
218
220
418
208
231
220
219
221
208
232
221
220
419
208
233
222
209
222
221
223
420
210
233
223
222
421
420
211
233
224
422
234
224
223
211
235
422
225
212
213
214
226
215
226
225
215
227
216
227
226
228
216
228
227
216
229
217
229
228
230
217
230
229
231
218
231
230
232
219
232
231
233
220
233
232
221
222
234
223
234
233
235
223
235
234
224
236
0
237
0
7
238
0
1
8
239
1
2
9
240
2
10
241
2
11
242
3
4
14
243
4
5
15
244
6
18
245
7
18
246
7
8
19
247
8
9
19
248
9
19
249
9
19
250
10
21
251
11
12
21
252
12
13
22
253
13
22
254
17
24
255
18
27
256
19
28
257
19
30
258
19
20
30
259
20
21
31
260
21
22
33
261
22
34
262
22
34
263
22
34
264
22
35
265
23
24
266
26
27
23
267
27
36
268
30
31
42
269
31
32
44
270
33
34
45
271
34
45
272
23
273
23
51
274
23
36
51
275
39
40
54
276
40
41
54
277
41
54
278
48
49
64
279
23
50
66
280
50
51
66
281
53
69
282
56
57
70
283
57
58
70
284
59
60
72
285
60
73
286
66
78
287
66
67
79
288
67
68
79
289
69
81
290
69
81
291
69
70
83
292
71
72
85
293
72
73
86
294
74
75
87
295
75
76
87
296
76
87
297
78
79
298
79
78
299
79
78
300
79
80
89
301
81
90
302
83
84
91
303
86
87
93
304
87
95
305
87
88
95
306
78
307
78
96
308
90
91
97
309
91
99
310
91
92
99
311
94
95
100
312
96
105
313
96
105
314
96
97
106
315
98
108
316
99
109
317
99
100
109
318
100
110
319
105
116
320
106
107
117
321
108
118
322
109
120
323
109
121
324
110
121
325
110
111
121
326
113
123
327
113
114
123
328
78
115
125
329
115
116
125
330
117
126
331
117
126
332
119
120
128
333
120
121
128
334
121
128
335
121
122
129
336
123
131
337
125
133
338
126
127
136
339
127
128
136
340
128
140
341
128
140
342
128
140
343
128
129
141
344
129
130
141
345
131
141
346
131
132
141
347
134
143
348
135
136
143
349
136
143
350
137
138
146
351
140
148
352
140
141
149
353
141
150
354
141
150
355
141
151
356
141
151
357
143
152
358
143
152
359
143
144
153
360
144
145
154
361
145
146
155
362
146
147
156
363
147
157
364
148
158
365
151
161
366
151
161
367
152
162
368
152
163
369
153
154
165
370
154
155
166
371
155
156
166
372
158
167
373
158
159
168
374
159
160
169
375
160
161
170
376
161
172
377
162
163
378
165
166
173
379
167
176
380
171
178
381
173
179
382
174
383
175
176
384
176
385
176
177
386
177
178
387
178
388
178
389
178
390
178
391
179
392
179
393
179
180
394
180
395
180
396
180
397
181
182
398
182
399
185
400
186
187
401
187
188
402
190
403
190
404
191
192
405
193
406
193
407
193
408
194
195
409
195
196
410
198
411
202
412
208
413
211
414
213
415
215
416
215
216
417
216
418
218
219
419
221
420
222
223
421
223
422
223
224
0
8
14
24
30
36
40
45
54
62
73
80
87
94
101
107
113
117
124
134
150
157
169
185
200
206
211
217
226
235
240
249
259
265
272
285
291
298
303
308
315
322
331
337
342
348
358
363
368
376
381
387
396
401
410
420
425
431
438
444
450
458
463
468
473
479
483
494
501
509
521
531
537
545
552
558
565
573
579
594
607
613
622
627
634
641
647
655
671
676
684
691
705
711
720
726
736
747
758
764
776
787
792
797
801
806
814
822
828
839
849
857
863
868
875
882
889
897
906
913
919
928
941
948
957
961
971
982
989
1009
1017
1023
1031
1036
1041
1048
1054
1066
1072
1078
1084
1095
1113
1117
1131
1138
1145
1153
1162
1170
1176
1184
1193
1204
1211
1219
1227
1234
1240
1251
1258
1266
1276
1284
1291
1296
1304
1317
1324
1330
1338
1344
1350
1355
1364
1370
1376
1388
1395
1409
1421
1432
1439
1446
1454
1459
1465
1470
1477
1483
1488
1496
1502
1508
1522
1528
1535
1542
1547
1552
1556
1561
1568
1577
1582
1587
1592
1597
1603
1613
1618
1623
1630
1636
1643
1648
1656
1667
1674
1680
1686
1691
1698
1704
1713
1718
1724
1729
1733
1738
1742
1746
1750
1754
1760
1764
1767
1769
1772
1776
1780
1783
1786
1790
1794
1797
1800
1804
1808
1811
1814
1817
1821
1825
1828
1831
1834
1837
1840
1844
1848
1852
1855
1858
1861
1864
1867
1871
1874
1878
1882
1886
1889
1891
1894
1898
1902
1906
1909
1913
1917
1921
1924
1928
1932
1936
1939
1942
1946
1950
1953
1956
1960
1964
1968
1972
1976
1979
1982
1985
1988
1992
1995
1999
2003
2006
2010
2012
2015
2019
2022
2026
2030
2033
2036
2040
2043
2046
2050
2053
2056
2060
2063
2066
2069
2072
2076
2079
2083
2087
2091
2094
2097
2101
2105
2108
2112
2115
2118
2122
2126
2129
2132
2135
2139
2143
2146
2150
2153
2157
2160
2164
2167
2171
2174
2177
2180
2183
2186
2189
2193
2197
2201
2205
2208
2211
2214
2217
2220
2223
2227
2231
2235
2238
2242
2246
2250
2253
2256
2260
2263
2266
2269
2271
2274
2276
2279
2282
2284
2286
2288
2290
2292
2294
2297
2299
2301
2303
2306
2308
2310
2313
2316
2318
2320
2323
2325
2327
2329
2332
2335
2337
2339
2341
2343
2345
2347
2350
2352
2355
2357
2360
2362
2365
-4.233855
-4.132723
-20.816996
6.779563
-29.653943
-5.248930
-4.673887
4.826553
-9.188750
4.732712
-3.397619
2.293939
2.148220
-8.035878
-4.052101
-2.556974
8.490342
11.563585
4.172977
-10.344318
-16.873880
2.485428
-0.373765
3.192517
0.479374
8.811929
0.360182
13.654762
-7.503965
1.651584
-1.306754
-4.007326
0.396825
14.674922
40.918321
-12.915853
5.182692
16.600282
-4.877515
22.813710
-16.660714
-3.922799
-4.139460
-12.480258
-16.966378
-33.231117
7.035625
-23.146571
-8.668891
12.108830
11.564110
-6.982152
12.103362
7.520158
-22.252053
1.540485
18.134786
5.725439
6.624355
-2.462344
-14.376563
21.545181
-2.153339
-3.616484
-4.761996
-11.966335
22.980723
-0.877746
-8.879204
-3.995740
6.538190
-6.640280
-13.087767
5.596396
27.054904
13.130777
33.784018
-0.892340
6.165141
16.667131
-40.219079
12.535364
-31.779636
-4.825291
-1.824844
-16.291771
-12.171345
2.555486
-61.065198
-15.876645
16.278827
7.372719
1.438733
-6.493045
0.698013
5.342705
12.005443
21.329789
-2.287322
0.341655
-37.579808
-5.280250
7.418539
-5.456185
1.753179
19.174441
6.904435
6.813574
4.443884
-9.031952
-0.402600
-3.188963
-4.968471
-3.542207
-2.113934
-7.529561
12.073256
19.163650
17.201554
-5.250662
17.820622
22.365173
-26.137332
-29.147514
-6.138259
-21.226888
-15.971124
-2.163872
11.198050
-24.061380
-26.876890
11.076016
-5.080032
7.649216
5.897331
8.885246
-0.508099
8.098845
16.607769
0.946099
1.778412
1.278510
-1.313307
-10.509801
-8.661646
8.439897
-18.654496
8.131945
14.943892
-14.467767
11.453179
3.296402
-3.000941
-10.320000
-2.928222
-2.323855
1.032113
0.110175
-39.222058
15.787739
-3.993557
24.083390
5.491171
-2.540219
2.760755
33.300175
-19.503188
8.893174
-8.218182
3.218714
12.948416
9.691422
-6.420202
1.266440
3.185808
25.371170
-4.010130
-2.121553
9.975223
-3.192722
12.884095
7.373972
-5.017071
27.531374
11.192950
-0.286249
-7.125591
-8.834851
14.824795
-18.302494
-7.548998
-16.569858
5.289683
-8.031151
-34.422553
-0.389516
15.694712
-2.805405
-11.068022
11.239415
-8.421388
-17.036864
3.013773
6.631614
-9.174758
-5.238346
27.288726
21.499511
15.687738
-18.921951
1.303936
6.860326
0.584113
-5.411864
5.402312
-16.724603
0.288758
7.299845
-7.552867
-17.425825
-6.273133
23.559578
-1.698258
-7.483499
28.815029
10.512141
16.829290
-7.678990
-7.217473
-6.269877
5.651763
-57.087151
11.704671
10.276816
-13.062843
-14.416998
-9.505194
26.427461
10.819172
-4.621359
16.778827
-28.311687
27.212502
12.106600
-35.915685
4.775167
3.897222
26.180136
-17.990916
-7.479001
5.180399
-6.263880
-4.247665
-25.148148
0.190471
11.757100
1.382994
29.032436
12.672245
5.724783
-10.353158
-1.298970
-7.840531
-17.121531
-22.534370
8.292188
9.008808
-4.838008
-2.327534
-3.086025
-14.304039
-15.414066
5.945463
-7.208347
-16.666038
3.684632
12.988372
-16.656969
-15.676801
-11.829762
3.946783
-24.130355
37.969358
-11.854211
-11.245666
5.929293
9.495975
-1.809750
-4.485838
-31.814621
-12.691437
-1.887512
13.661512
-0.023051
6.876956
-15.454667
4.688918
10.844154
-8.484778
-27.637956
-12.315450
14.055687
13.083194
9.727375
15.775539
3.589610
-30.658536
-8.205714
3.809903
28.225978
21.624034
7.607440
-3.412906
-4.262698
-13.619546
-8.978017
4.136142
8.048327
54.461028
14.702109
-31.701671
13.923752
18.023044
0.529340
-17.772986
-4.051259
-6.057924
-9.912883
76.446843
9.764209
-3.666095
-10.026603
-14.151465
-8.237590
-15.306270
-4.777952
-13.077850
10.329178
-16.606382
14.732732
15.086516
11.296847
-19.626992
-3.276713
-24.310068
19.970541
-1.752582
33.123289
11.649296
11.872012
10.733358
13.478468
25.687396
-5.664136
21.643952
11.152773
-8.210858
-43.704334
-0.247846
1.558136
-4.540939
8.660831
8.508737
-10.518468
3.000000
-7.959904
13.744154
22.785247
9.689696
8.786436
27.432043
-4.198937
15.290247
-53.936603
6.008107
5.885333
-18.729764
-35.078136
-36.789782
-49.224096
41.019957
2.118981
-11.529040
19.525063
-5.463038
-0.333460
11.768252
-20.110305
-15.790289
4.269800
15.651961
8.803030
-7.858122
-1.864693
-7.450680
-24.160636
-7.931631
-8.789674
-8.737847
31.888761
-6.832039
-5.222461
-8.025965
-6.162477
34.951837
-6.826679
18.146922
8.883808
-8.805852
11.713032
-5.827373
-1.644403
1.492873
-19.962555
11.947420
14.810931
-35.290807
-10.968145
18.941312
7.413326
19.825149
1.800629
0.711259
13.522344
-6.542767
-6.408662
2.567144
-16.594810
-3.755361
-10.708623
0.933576
-0.455650
9.309335
42.906344
-5.651609
-19.153206
3.348785
1.309401
-4.175521
-1.385531
12.947106
30.233050
41.717788
-9.092079
-4.584603
-19.207707
12.172669
62.293030
-4.811374
20.055168
12.994160
54.665359
15.918595
10.942700
-12.105644
6.212198
18.514151
81.351591
-0.280725
-1.212338
-16.320575
-27.094807
-6.301891
-13.971160
21.521609
15.897934
0.708830
-13.405866
-7.553872
-27.344476
6.583819
-19.730846
-9.232794
-12.885087
-18.359711
-22.535468
14.435166
-23.103389
-29.685364
-24.039593
-13.876747
10.843007
10.581163
-17.629743
0.081694
8.761423
13.109690
-28.997387
-2.347333
-14.085748
-2.710119
10.222426
-11.127965
2.287339
-19.865801
-12.268319
-10.408408
-5.136508
4.643039
23.940033
-21.398293
1.597604
0.272914
-2.981502
15.724926
-22.615150
15.155154
4.908046
-1.591206
2.879058
23.262722
17.747683
-3.981300
8.289256
14.779794
-4.375053
-18.955335
-14.394180
-1.467176
7.777710
-2.834855
-59.422052
-11.325957
-8.639331
12.148715
-5.465906
-21.965193
4.756534
21.741600
8.242093
0.867284
-14.257864
14.042693
-7.337162
0.831616
11.859136
20.819224
14.190062
10.427246
-4.398827
25.930339
29.739799
14.379555
-9.899105
8.161997
-10.975688
-31.506768
14.919542
4.733990
6.828996
-16.307777
9.570277
17.855045
1.632321
40.739694
-14.402084
11.923748
11.541630
-6.511364
3.974652
-17.673538
4.824757
-5.450588
2.518113
-4.296587
3.071095
-5.528030
6.772746
18.009860
11.436891
9.642455
-10.320442
5.130069
7.204529
-4.236441
-15.733381
0.292752
-12.429622
-4.364654
10.690027
16.320229
-25.962528
15.741321
-2.363946
-19.208933
-13.238058
2.278076
-6.571797
-7.584754
0.117744
-7.940408
4.132643
-6.618928
-2.655773
-4.220176
28.420541
7.742718
-2.582323
-1.181376
-3.182320
-5.066683
16.317765
11.930043
17.592827
4.423005
-10.135529
5.388267
17.037755
-12.292653
6.002427
-0.872200
13.151859
2.756992
2.549593
42.605017
-7.204132
2.497677
-12.036511
-7.872457
14.603714
18.213190
-1.597222
-9.169912
-14.988034
-13.838963
4.029441
10.909254
-5.103413
-1.265620
13.515136
-4.883692
5.046364
-24.883697
-21.712833
5.172738
0.459028
7.816574
22.807762
-6.984026
-3.920809
3.426753
7.841063
8.737510
8.557830
8.206326
-1.998774
-8.220341
5.419991
26.491002
-11.690390
-13.257931
-19.448898
-27.861317
-17.763361
-11.697193
-5.637968
15.815854
-9.856272
-11.771383
9.349150
-15.821438
-3.008786
0.642046
12.373705
-13.201955
-3.687091
0.456229
-6.323785
3.641141
13.912150
-9.358566
-5.812945
3.859565
1.269967
-1.253736
2.960179
8.999061
-0.737998
-4.675695
12.719159
12.396974
-8.499892
15.547696
30.956792
7.906736
-0.531542
-0.957223
7.927470
14.156187
-1.297828
-5.051218
8.650431
2.217594
19.902888
5.402339
1.008795
-8.782813
-17.871384
-26.405989
1.583165
-16.664117
-14.148404
-4.404954
-12.267009
-3.680867
-12.860408
9.101678
6.385235
18.175241
-8.330300
-13.185383
-2.695512
-11.118918
35.199383
12.694410
-5.691998
-11.795026
-3.956483
-6.578963
23.232315
-2.449856
-0.614216
-21.596593
6.080393
-9.341005
11.652088
-1.648504
10.622447
23.031386
-18.932402
-8.136016
-7.230482
13.763112
6.391591
-3.336208
-9.853178
-28.115984
12.552641
7.180396
17.261661
1.270151
-21.925658
5.232982
2.546882
-2.813562
-10.548633
-8.642882
-0.951697
-37.766160
8.540362
-10.749443
-7.999099
3.050000
2.674282
6.989798
29.432422
16.665731
-15.646231
-6.508069
-16.901980
-23.328736
12.006739
2.883916
1.104459
-7.536635
-18.863535
4.675868
10.229926
-0.775664
-14.696133
-15.336469
-6.895529
-15.482584
-10.468124
-15.290249
11.674968
5.191855
11.207606
15.275681
-0.797529
-17.061425
8.823834
14.608188
19.090986
-6.861224
-16.684897
7.952126
15.046189
18.362153
-17.691785
-26.413027
-6.889199
-3.421650
3.810289
14.258259
7.530227
0.648409
4.372046
4.635383
-3.119486
1.641944
7.844297
-1.983309
3.638358
-4.148282
7.009048
-1.818645
14.728789
32.017667
-4.813755
-8.837838
-0.938579
0.380905
2.597191
-2.985964
-18.015550
-60.789168
-22.983349
7.398806
-1.618429
6.912413
-12.576349
21.931609
4.004480
12.132410
6.163142
-2.161585
2.191758
2.525507
-0.537437
3.876041
8.092868
14.718741
-0.648980
-7.927930
16.515633
-4.347511
2.145207
14.151182
-18.967558
-11.625772
-0.228315
17.143486
8.641756
6.370241
4.698780
-2.328755
-14.103917
1.062338
-7.137255
-1.900336
6.342098
-37.054763
-11.593888
120.428807
-36.695965
3.147597
-3.779289
-8.264553
21.816835
-12.141715
-18.113152
-3.421954
-26.013905
-8.701604
1.462391
-5.351133
22.504736
3.263311
3.040187
18.633431
-13.744641
-11.612847
-2.219791
5.452536
18.743172
0.706099
-3.089192
0.916865
-17.810790
11.995261
6.184058
-15.446494
24.902916
3.640381
-9.966622
-24.652115
29.307521
13.774837
-9.248274
-7.546008
-3.335828
-5.426296
1.075519
0.400600
-13.340542
12.973387
-3.194109
-3.378792
17.119334
-15.698349
-4.536611
-42.280759
-11.400538
19.567929
8.250366
-8.232213
8.861614
2.198956
-26.197680
-3.175446
17.139621
-0.192372
12.941326
-29.663465
-44.872779
5.404023
6.023771
-0.122879
-7.863822
12.066143
-3.941155
-10.917901
-16.676535
-13.163603
5.668886
15.690942
-34.517055
-25.442729
-12.369060
5.644849
-8.445947
-3.377777
-22.776692
12.699891
3.264394
-2.866359
19.333011
18.531469
-1.313667
3.824605
-0.515285
1.475786
1.938018
17.243380
-0.433590
5.924439
32.388581
68.546205
-125.075110
19.546151
11.528010
-11.409764
38.042765
-14.746748
-20.356849
15.098040
11.437931
6.998696
-16.265343
19.539766
-10.151134
-0.952272
3.837604
10.892643
11.705296
2.625831
14.649807
-0.891438
-11.014488
35.014073
13.355610
20.524880
25.829472
112.455733
18.396429
11.038490
41.235347
8.189781
19.323508
-6.682528
3.441255
-11.648973
-10.429476
14.904509
-0.858362
-1.351019
-11.955312
-0.880774
3.139231
-9.963102
-20.981060
13.625719
-4.034938
29.851530
-18.064705
-2.841484
3.298859
9.746331
-15.703463
-56.541089
-2.045291
-114.281818
-15.132541
4.852307
-4.269837
-27.844520
0.280085
1.391618
-3.696623
-6.682843
-1.751311
-0.999878
7.658562
2.430723
7.328321
-8.066389
16.189444
15.338230
5.869718
-20.811759
-4.522227
10.931140
-12.899935
15.517779
-14.108118
-10.711372
-6.202797
33.338714
9.988542
7.236703
0.678736
6.937374
-13.194579
12.857092
-9.110756
7.788188
-4.586493
-5.942949
-0.209351
-11.569998
0.489642
18.696564
-13.275718
-45.463943
10.538353
6.865927
4.320378
-7.072633
-2.982857
0.194316
-7.945048
-0.938398
-10.906999
-0.927453
3.982699
1.583130
-8.277052
-22.986685
24.632098
3.461439
-8.582802
9.830178
13.747576
8.198211
-9.359470
4.622082
4.992748
17.879683
-7.869298
-7.199067
8.542408
13.548712
13.464806
-31.313075
9.562903
13.210599
-3.763056
13.020150
62.892525
-3.494652
-15.252670
3.990270
-5.828401
-7.312324
10.967204
8.991255
1.088316
4.671500
-0.102599
5.976135
1.312576
0.960056
8.575097
-3.036430
-5.459533
30.344927
-1.222301
-9.045129
-4.714570
-10.519365
-19.703259
-8.052955
1.809524
11.744959
20.916496
7.420827
-5.622217
-68.570263
-15.525708
-17.862306
-5.888889
-63.645971
-24.399898
32.748372
-2.716832
9.455322
0.581140
27.564034
42.128533
-8.966397
1.207472
-3.687658
-6.515730
-5.376116
4.508225
-9.110500
17.085795
9.832531
-20.530583
-6.713244
5.258703
-10.486425
3.562328
-7.608148
33.531679
6.401184
10.577441
-3.294786
-8.395833
-12.961790
-12.012592
-10.309329
0.132651
-84.124088
-6.460061
4.451935
-3.257403
-12.337215
3.534809
-1.580241
-22.353753
-13.361832
5.645963
27.363415
9.861397
10.151180
-10.597211
10.911471
7.693498
4.193226
-5.653026
6.379218
6.865975
-13.076807
-20.560073
-16.302058
1.215476
-20.844719
6.598081
10.879373
-1.225124
21.355564
1.469404
19.172430
-20.783221
-19.433569
14.273330
-6.144753
-3.084381
-4.991414
-3.775321
0.179892
17.138751
-9.362164
18.529863
-12.870552
-25.176241
-7.923484
-10.084895
1.866847
-4.785469
-22.274489
-17.713470
3.566909
-4.356424
-6.765262
-5.431396
-10.242548
-5.424866
-1.988038
19.687417
-32.826640
6.499611
-12.929099
-10.881708
-5.071774
-4.959294
7.961519
4.938663
8.085574
7.709917
-2.497410
41.030240
22.971197
14.505393
13.973857
-10.530372
-14.330516
-3.653347
-17.737354
-27.303890
15.744342
-8.166256
-6.384817
3.274395
-10.635510
-1.736716
8.654049
22.248545
4.306278
43.573379
21.419227
17.472419
-0.159533
26.146779
-5.785030
1.748709
25.439313
16.735080
4.500283
-9.346239
-29.253373
-16.322861
-27.283580
22.551407
3.175128
-5.696663
9.225236
36.172682
6.421945
-15.925153
-46.980198
-4.844609
-16.345124
0.121811
-1.064934
10.004120
13.471286
-21.545042
4.434267
-1.878722
-3.117666
-8.362147
-3.104167
-9.646835
-43.171593
-12.754949
-29.932931
39.799002
19.341647
3.324186
-1.844801
-9.889752
-3.949381
8.127331
-1.596983
17.823457
3.360180
-28.904910
-0.215675
2.696231
-13.479833
5.893104
5.280025
6.272719
5.359579
-19.252826
-9.980872
7.720888
-5.349153
5.269136
28.540654
-1.652045
12.558654
-1.252760
-11.345800
-31.638373
24.107577
-6.352485
-9.230847
19.337823
19.988680
-0.818627
6.182938
-6.668095
7.327735
-6.980465
-11.245182
-2.736914
-7.300034
3.293960
0.682982
9.626472
-1.126593
19.077255
-5.217037
-9.925086
-14.991213
31.008527
22.384691
-9.957849
23.469743
-2.261817
50.154989
10.902857
11.001038
-0.659951
-48.098531
-3.618998
-6.613065
11.526040
-18.488984
-14.974181
-3.771144
-12.416160
-7.320608
21.064592
17.973166
-1.587457
-9.068288
7.545089
1.550215
38.086259
25.488756
7.332737
-22.736542
-4.126410
9.779457
11.239261
-14.469163
-2.126561
51.410017
10.010435
-41.534069
-20.144607
-2.836526
-31.278350
-9.985390
-16.719523
29.152685
12.405654
16.362967
-6.066050
-9.604229
10.904236
-15.890615
12.524910
-1.062219
-3.681321
-0.887280
-3.850639
-0.273997
8.869767
-27.055466
-19.285088
-7.531250
7.524444
-34.013485
11.062860
6.245780
-7.140287
11.679830
-1.270842
-3.772667
-14.832840
3.675938
-18.717372
36.085121
-15.242609
10.269419
5.479848
-5.653970
14.858040
-23.628184
-1.220410
3.376940
2.511057
4.243527
-6.328646
10.739683
0.372901
-33.391658
-18.579746
12.470945
-8.851750
6.364482
-4.732920
4.257872
1.957465
3.772687
-14.083998
-4.187719
-16.353094
-42.077108
1.160783
3.861457
24.464190
-0.810518
-9.970811
-13.720135
1.841534
-21.593815
-23.259236
1.699722
-4.423576
-8.993824
15.072906
-3.859669
23.297313
7.666592
-2.243385
15.949622
-13.930722
-11.592873
-7.978155
1.997075
11.493135
-7.536897
-8.993712
-14.811188
-9.209822
-5.322945
5.006071
9.295042
10.408663
-10.746077
-4.371237
3.823847
1.936603
-6.079599
9.797455
8.878933
4.779564
42.529803
-11.862105
-5.373416
-4.106370
-13.210955
9.061492
-5.393422
-11.678743
15.647439
-25.815860
2.395688
9.064935
10.051887
4.707327
8.715947
2.465000
-11.381299
28.997174
3.942446
2.049746
3.347087
0.047892
1.164566
-10.726991
8.619929
-48.094456
13.254160
3.353172
-4.648246
4.906713
-6.846136
-11.115052
-26.130893
24.216583
28.077549
-7.263025
1.426726
9.577541
-3.870486
-15.840730
-4.213046
3.746900
-3.696807
7.582133
17.049866
1.638152
-3.440158
13.869150
0.428442
-9.103544
-7.029998
40.761488
11.937994
9.884848
-14.513653
0.217082
13.156623
41.886313
-25.484921
-7.073153
10.596184
-0.449060
-5.343813
-10.862159
2.273867
-16.260073
27.141705
6.660714
25.796887
-6.020486
-13.503160
-7.307694
-0.402129
19.466137
-1.845613
-6.504484
15.710907
-9.346125
6.008720
-3.469558
18.990088
-16.099644
10.852565
9.323793
4.068029
9.201519
4.167911
-7.400246
-2.701059
-5.696412
-2.034410
16.352176
-19.541270
-9.291374
-16.592975
-9.399346
-23.764413
-3.491584
23.371280
3.851493
-5.121468
8.528491
3.564751
-1.670392
-9.621263
-9.863005
7.387205
13.013986
-7.904613
-17.779927
9.212553
-8.920871
-0.855728
-9.116294
4.495465
4.099457
-9.644323
-54.686279
3.162170
5.635064
-24.325779
-0.432871
8.066199
-10.737166
0.542799
-6.637342
5.043007
17.654542
-4.174242
16.473804
-28.287439
10.658844
-0.572641
19.721598
-5.761034
-1.910984
-2.792512
-23.166569
-12.022681
-22.635980
0.826394
-3.088654
43.936049
7.561733
52.576555
-6.075244
11.860119
-2.457181
-3.357009
14.461030
9.250842
3.055093
52.807921
31.167053
1.513498
3.585975
-4.408563
-3.299358
1.507847
-70.999378
-17.664495
21.413581
28.493393
-12.836123
-2.817573
11.665911
4.100159
10.820053
-7.349585
0.374460
-9.594884
-28.417050
27.077466
-8.675437
-4.269134
-7.542270
-3.055398
6.930343
7.500477
9.856449
31.054054
1.215374
15.326340
-4.209406
56.790532
13.338944
3.646792
-10.929336
-7.631795
13.153482
-6.467633
3.377131
-0.103140
5.705183
5.500014
-20.095267
-1.948454
2.324094
0.437271
19.939422
10.529208
8.160368
-14.435342
5.117045
11.971378
0.033789
7.001945
5.626214
-8.850529
-0.264848
-0.574176
10.832134
10.285605
8.320432
4.737247
-6.629168
-20.939741
6.054958
12.912606
17.143024
-12.453217
-6.922915
7.985684
12.625514
-4.918839
15.529759
6.184880
3.922258
0.483743
-19.512532
-32.048462
5.779661
12.034838
-5.403509
-2.143749
7.950628
7.995597
-1.157938
0.437241
-0.715344
5.987770
1.011499
2.166967
12.158847
6.886950
-11.715694
-7.524362
-6.667105
-17.138736
-9.175194
-1.693608
4.112929
8.431818
14.643605
8.590939
-26.496506
18.526454
-7.744816
11.804608
8.379729
4.706420
16.870890
13.585443
-12.613609
0.641369
0.290716
-15.967900
15.542030
-4.656468
7.300726
12.348461
-4.470719
-3.675280
-9.315418
4.846419
-1.209690
5.340972
-5.192742
8.131554
-20.798360
-26.422796
44.876832
-9.382394
16.958950
14.222855
-12.934992
0.577027
13.474179
44.666913
29.528047
14.567789
13.653188
-19.322772
-3.484339
17.817791
4.381209
-6.203704
16.910192
-4.650062
-42.263654
-13.765836
-2.171562
21.863789
23.790603
27.669331
-8.023652
-18.382845
0.386496
18.599343
2.389432
-28.629136
-12.839089
4.896243
4.176313
-10.115248
7.059711
-9.684530
-27.466906
4.507310
3.871605
24.456525
-10.280846
12.726073
5.335014
-10.000000
8.427675
-8.405171
14.780477
-2.218767
-15.589427
36.112272
-12.981605
-10.459195
-2.594402
-11.122316
-34.071850
8.373965
8.599749
17.143175
-8.196660
-6.495382
-12.745973
-2.814000
0.972943
1.043373
-7.915421
27.248905
-4.288023
-9.885245
44.798938
11.928634
-2.135162
26.051829
-8.643037
-7.582963
4.525167
9.788680
15.788021
-33.340156
10.839681
15.883396
3.963370
12.312351
-29.190206
15.563826
26.830340
10.249889
2.392991
-4.520104
-28.747266
8.630109
4.532293
22.350374
2.150225
-2.144238
-7.518689
29.324514
-7.748289
-51.298342
-13.714186
-2.497365
7.228358
-13.312641
5.350719
18.482494
-10.455425
16.443035
5.659199
-2.971939
-32.613871
-27.907676
-38.976039
-12.757937
-5.866667
-1.258044
8.177911
12.693192
-2.905425
-12.924920
-6.703782
9.291479
2.076923
-7.546940
-14.154498
0.810097
-7.357197
10.616685
63.013801
17.981236
11.924634
-26.928160
-3.151435
-14.322137
-7.183703
0.591135
36.089962
1.434780
3.201100
-0.281250
20.255943
-0.053831
-6.267857
49.202531
14.051166
9.577947
23.073673
-7.131593
3.058140
14.739130
11.470405
-28.418630
-94.682960
111.428037
2.271272
1.695082
-0.810924
9.526398
-7.194805
0.682586
18.297316
-6.404302
15.665948
-5.151523
1.850245
-21.483016
18.200496
7.463877
-18.308464
34.473158
-21.681395
-12.111580
-2.856044
-8.042817
8.712046
7.181996
-24.936655
-3.561146
21.294447
-21.291757
-23.039184
-4.043400
-39.113187
21.074733
-3.761261
-1.681688
8.264404
-7.053981
-0.047253
-6.284750
31.584621
17.149510
-2.479004
1.854522
-32.619830
14.722741
-3.587424
1.449980
-20.092374
8.879893
-8.061037
0.277931
-41.579019
-18.520651
14.892169
16.242382
20.986462
17.784390
25.809401
18.768906
-9.194030
-15.202589
-6.620104
-11.353901
63.000319
17.345591
-28.867369
40.565259
-12.190444
5.637405
-30.340332
-17.987040
2.586585
11.802169
-3.738817
-5.588018
-2.748571
-10.836037
16.751251
1.059441
-53.699053
-12.183513
-0.282909
-0.620914
35.432083
-23.170678
8.782009
16.829233
-8.800324
-13.236122
-37.555500
9.897833
-2.744672
-58.587296
-23.912363
-18.986406
0.669703
-21.509816
-4.212566
21.436835
11.888916
5.639124
-6.019689
-56.978821
5.224410
6.621480
-28.919400
-0.168402
0.077236
-18.809168
-8.073124
-63.383055
-17.201927
59.388632
-6.218944
-4.556452
-17.474806
-9.090662
-1.176449
3.438752
-163.090838
8.440123
13.040140
13.077398
33.098461
-19.632116
16.402808
-18.107748
16.198662
2.838674
13.410371
-33.611270
201.274760
-1.773491
-0.289044
5.337669
50.474296
50.811295
18.084622
-0.308455
-6.971561
-30.338628
0.206326
0.114898
-1.234425
6.050394
-19.673466
-25.644940
24.792966
-6.913985
6.722993
0.614003
171.263028
-35.955268
7.517949
-5.527460
17.032238
-2.212812
4.248005
-19.027477
12.296538
8.748329
5.069116
8.975299
-21.578925
23.225862
7.439852
-34.088220
0.777567
-18.831933
33.288690
2.052107
-0.292395
12.063425
15.579768
10.733120
-1.076268
-3.321371
78.515356
1.375566
0.662507
-24.102270
-8.339625
16.020024
2.482714
4.727308
22.523996
7.265590
1.249196
18.060298
-3.631499
-15.609128
2.011885
12.616349
27.953946
-29.835640
0.790266
-21.202202
-7.691564
-0.089794
-7.647326
-13.574753
-2.991228
17.475230
15.787962
-11.270306
-2.285075
22.362056
29.609484
-25.622334
-10.446758
-10.537265
6.549940
1.952381
-8.457549
-18.883721
13.509632
-0.318827
6.707397
23.315048
-31.802641
-5.051761
9.705443
1.607749
-28.282450
-3.734127
2.499532
10.875211
55.895151
4.430674
0.796742
2.056486
0.124316
-20.106947
51.515928
42.375914
0.615937
-36.190682
-18.221519
-5.215148
2.836095
-8.826465
30.402108
-5.886974
-4.658783
4.483188
3.260964
-12.999377
1.653330
-3.003664
-21.101050
-0.088889
1.198837
37.298611
-15.341176
0.000000
-2.952381
18.446154
5.265079
-28.870098
11.498678
11.840833
2.894737
4.884615
-8.900488
-5.647080
31.707048
-16.842555
4.516129
-11.525735
-11.656725
5.794220
26.483070
6.798077
-3.000000
-6.896233
8.646099
-5.500000
8.567638
-3.618873
-1.187500
1.075472
9.500000
2.076087
-0.643936
-8.956989
1.214286
0.941176
-10.811617
-6.402536
-7.267857
-2.904762
-2.333333
9.176471
-4.071111
-6.222222
10.174081
-4.915913
7.655904
10.060561
-7.091135
-10.000000
4.000000
-1.631579
-10.017436
-2.869565
-4.000000
9.615819
9.931034
-0.142857
-7.671809
-6.465753
7.098462
4.776827
-2.385714
-3.221273
3.721657
-4.738799
7.351515
8.916667
3.080527
-8.244048
7.157895
8.081967
7.107692
3.129630
6.143723
5.000000
7.145842
4.918919
-8.069767
4.893939
6.783636
3.559176
-0.945887
10.000000
7.965517
2.730665
3.632268
8.851852
5.065959
6.958904
0.257955
-2.900000
9.871907
-4.444444
-10.629630
-2.928682
-2.079710
0.616667
-3.995652
-7.896552
-2.867647
-0.658333
4.302334
3.060241
-1.812500
3.233515
7.956364
-7.411765
-5.850000
4.966374
4.600000
0.973077
0.857143
-6.836876
-6.828829
9.137611
3.266667
6.166667
-0.888889
-3.168831
10.240000
4.000000
-9.748636
2.494256
-6.642954
9.055556
8.411866
8.239706
1.774074
-5.527441
3.984375
5.400000
-0.774436
8.150494
2.052595
-8.583736
7.243251
3.886364
1.792305
7.371082
-4.144221
-1.625641
3.236948
6.322015
-7.590877
7.000000
-6.000000
0.989474
2.669565
-7.578947
-2.131693
-4.652646
6.642506
1.000000
-5.045455
-7.106383
2.571429
4.961538
-4.610963
-2.041667
0.969697
-2.877193
0.860465
3.955556
-4.023256
1.348148
7.000000
4.076923
-9.587199
-13.000000
1.294118
6.150941
8.015873
4.214286
-4.500000
5.086957
-1.898876
-9.162500
-2.481818
9.671498
-5.741414
9.000000
4.409091
-6.958540
8.222051
9.007237
5.312500
-10.171929
3.309955
-0.265258
5.515385
-8.386505
2.624837
-4.914286
7.014493
6.562500
-5.974684
2.888889
-8.052826
5.439024
5.762500
2.972222
5.274725
1.113924
2.438889
-2.935484
5.681025
-3.092325
2.500000
10.357143
4.927536
5.925000
6.909091
-3.109718
-5.428947
1.754717
9.937500
-9.846154
-5.000000
1.936170
-3.155461
-5.957466
-1.697581
10.334189
3.740909
7.750000
-0.444976
-9.012987
-7.347465
-5.064516
-8.857143
-5.776623
0.103261
-7.516578
7.900000
6.320269
8.468477
-2.008006
-8.067568
-5.884836
-8.198596
7.170203
-7.552632
-6.155225
3.000000
6.000000
1.009116
-3.000000
-4.456818
11.479871
-3.008141
2.962121
3.000000
-3.000000
4.036446
9.095390
1.010204
-8.583333
-2.058668
7.989011
-9.206897
-6.000000
-1.932584
6.588132
0.759804
-2.121212
4.537433
-7.037037
1.511044
-8.225707
3.000000
4.045752
7.963399
-2.578906
6.799057
-8.935256
-4.122574
-8.728767
2.107143
-6.978723
-5.500000
-5.266071
-2.834432
-6.069264
6.444444
-4.100055
-11.000000
5.559719
7.333333
-3.578818
8.912319
-4.864407
3.500000
2.716387
-9.041667
1.797163
-6.463158
4.396560
-2.252381
10.423701
6.155152
-6.906250
10.024096
-7.310980
-1.829294
-5.846682
-5.307771
2.659740
3.601010
1.000000
2.801976
2.047619
2.783784
10.333333
-3.898102
-5.536415
-11.486486
4.050633
8.921348
-6.115942
-7.543182
-5.512987
5.000000
2.941176
7.332967
5.744444
-6.512987
-2.112637
8.000000
1.011111
-8.388681
-7.181507
5.000000
-1.307692
-7.310345
8.160000
10.580163
-2.380769
-1.130252
-5.570281
-6.000000
-9.642857
2.945946
-6.614943
-17.000000
1.959184
-3.119403
6.930918
-6.000000
5.418367
10.253165
-4.500000
-1.563025
-8.786448
11.267380
3.258824
-1.109890
-1.708333
9.255438
8.202381
-3.652174
-7.216004
8.855311
-2.495833
3.869565
7.063830
-6.163415
8.689677
-3.187500
-7.866667
-2.097403
-2.248547
5.975309
5.947917
3.002283
-9.615497
7.078652
-4.800000
7.428571
-10.006293
8.905990
-9.880000
-4.963415
4.971531
-4.065789
-9.085366
-3.858714
-3.690249
-8.691358
-0.793103
-8.128205
7.000000
-3.113549
-1.689103
0.216129
9.233333
8.000000
-0.999457
-7.052020
-3.730352
-5.405882
-8.876923
1.944444
-6.000000
2.904762
-2.703704
-6.506098
5.786058
-8.000000
-10.084018
-2.666667
9.600000
9.416667
-10.450000
-8.452862
5.352174
-1.954545
-7.278680
-10.013158
-10.076253
-5.152778
-7.875000
-4.723321
-5.907407
10.235327
7.911111
8.837209
3.559846
0.180451
-9.375000
44.041667
-0.887097
-3.142857
5.740741
-0.775000
5.650617
-10.450368
5.137097
8.414706
-7.765550
-1.062500
-13.472222
6.626957
-8.261460
-5.709677
6.143678
1.228571
-4.056818
5.640688
9.100000
3.913793
-9.849315
1.594288
1.853429
9.038462
3.938776
8.189179
-0.657619
-11.511905
-13.150794
8.916351
2.822222
0.575000
-0.442857
-10.387755
-5.906621
2.971831
8.920455
-4.750000
13.079545
11.549536
10.000000
-5.275362
10.629630
-4.500000
-6.930944
3.862745
-3.975904
-9.273460
5.372633
4.113208
-6.557143
-16.135135
1.300439
-1.744444
-5.299625
-7.067552
-6.794118
-4.090196
-2.794118
-10.476190
-2.960000
-5.959184
-10.800000
4.875000
-4.328131
-2.218045
-5.896552
-9.074468
8.923913
1.297151
-0.285714
-8.727273
-3.015254
-1.800000
3.275862
-6.666667
-9.989583
-1.909091
-10.074074
-8.907215
-4.973684
-10.537879
-5.937500
-2.359416
-2.451613
2.471277
4.591231
-10.111111
-3.055556
-10.841304
-2.127706
5.100000
52.162162
-3.755556
-10.140000
-10.019231
-3.958333
4.512422
0.500000
-3.578241
-5.823529
-1.137939
7.293249
-3.072861
4.584314
-3.083333
-9.545455
-6.033898
-7.317895
5.071429
3.977778
8.050633
-3.000000
-7.000000
-1.777778
-3.394444
-9.416667
6.918615
5.200000
4.440920
-8.238265
4.608379
-7.016129
-4.888889
4.295571
4.421245
3.884615
0.916667
7.000000
-13.931034
5.733333
8.709677
-3.040000
-7.000000
-7.902450
5.909091
3.943919
9.914286
-5.159441
4.058442
7.918919
8.086957
6.115972
0.869439
6.565217
-11.010526
-1.216520
9.039959
-1.200000
-4.763889
10.000000
-12.083333
2.950068
-7.937500
8.000000
3.385965
-2.603448
-5.570679
1.986667
-10.055556
-1.046512
-6.944444
6.032258
10.750000
1.654783
-7.587912
-9.077027
-8.327381
-3.000000
-7.594340
-1.950617
-0.915254
9.000000
13.758621
-6.368275
-9.538182
3.091837
-9.500000
4.054348
-3.654386
7.993007
-7.614286
-10.118421
-8.000000
5.079365
4.254701
6.261905
5.846154
4.608466
-7.156965
-1.167254
-5.000000
-6.864865
8.605814
1.892665
-10.212091
-3.942029
-3.070136
-0.399038
6.854637
6.848485
-7.783929
5.616422
-3.744233
2.539039
-2.225000
2.807692
-6.526266
6.843988
-8.986998
10.260989
8.000000
-7.310098
-4.944444
10.947368
0.785714
9.121212
4.020263
11.333333
-0.688477
-7.927835
6.255682
3.272436
-4.000000
-9.943008
-4.077470
-8.783951
-9.106884
3.971527
4.011494
-3.920455
0.965730
-3.088235
-6.244019
-5.717949
-4.000000
2.000000
-3.000000
4.828022
-4.059701
2.263333
4.886397
0.851064
-2.498406
-6.796015
-5.772044
1.039216
0.550074
-2.630094
7.794118
-5.100000
6.462865
8.216867
2.089474
3.050505
-3.000000
-0.955986
4.047619
3.666667
8.094737
6.833333
-4.148876
-2.906667
-2.718750
-1.800000
-1.866848
-4.947368
-5.106061
1.333333
7.631579
9.069805
-1.233333
-10.108696
8.716667
5.216667
-8.671717
-1.905405
-4.988064
-4.858333
-2.104478
1.111111
9.572755
7.956466
2.965517
3.693122
11.205204
6.000684
-7.950000
-5.125000
-9.557971
7.000000
9.800000
-8.280000
-9.171569
-8.000000
6.476087
-4.059375
-4.087912
7.044776
-2.974026
-5.022989
-1.870130
2.926316
-3.906417
-6.501923
1.363636
-6.415979
2.010823
8.253824
2.000000
1.333333
-7.158730
-2.666667
-3.471272
1.671478
8.902597
-5.047059
9.000000
-3.875000
10.523423
-1.877193
-0.850000
2.600000
1.695238
-1.549180
3.000000
8.181818
0.851064
5.061856
2.000000
-5.981481
0.490909
-6.088235
0.500000
-8.962963
1.000000
-3.000000
-2.903846
-3.796683
7.044944
9.292720
-2.024242
-2.952868
5.309811
2.927083
4.000000
-1.041667
7.000000
4.000000
-3.068493
8.159282
-1.875000
-14.196871
-1.488562
2.482759
6.767404
-8.949495
1.221036
2.000000
-8.974359
9.385628
-1.365385
5.898969
3.011477
9.913420
-1.000000
8.810084
-0.875000
-8.066667
-4.000000
-1.320000
-8.764103
1.888889
2.204124
4.930888
4.075881
-8.000000
-4.125000
0.857143
0.460199
16.773148
-8.235865
-5.567708
7.748916
5.526316
-9.750000
2.906977
-5.613690
8.450809
-5.965517
4.130435
9.251412
-8.023148
12.867647
2.812500
7.500000
9.398485
2.101695
-6.673815
7.337121
10.051282
4.380952
-0.127946
-7.000000
1.265830
-2.919048
-7.577299
7.053763
-1.790404
7.906593
-7.304348
-3.600000
10.017544
0.941176
-3.024570
-4.727187
6.000000
-4.409259
10.142857
-7.603344
3.833333
-2.988372
-5.746111
6.421266
3.250000
5.034783
10.373225
-10.281250
-10.096774
8.153846
-11.832258
-2.652406
-1.068966
-7.000000
-5.250000
5.909091
-1.900000
-4.371212
7.631579
1.877436
-4.000000
-3.907692
5.709329
7.800000
-1.636364
0.750528
-2.232620
-3.689011
-0.592408
2.783784
-3.638372
-9.369898
-8.989969
-9.180328
19.888889
5.702128
-4.859155
10.438438
-6.131579
4.000000
-5.786096
-11.308824
-7.934749
-9.905121
8.555751
-6.200000
10.738095
5.166667
3.954023
11.230769
-6.974500
6.215593
3.666667
-7.879310
7.098693
-2.388004
-2.197917
-0.987943
-8.947368
-11.551111
15.767477
3.226230
-2.370370
-2.936025
-8.432234
-9.622414
1.103448
2.104651
-3.211538
-1.278491
5.974255
-0.362500
3.260870
-6.352273
5.128205
5.137931
-2.051866
-4.288534
4.793949
-2.596899
-3.720000
1.350291
-8.640752
-3.717047
4.117647
-9.262949
-8.953228
6.964286
9.696154
0.649267
7.390909
-2.221365
-4.914286
9.090909
8.965909
-8.830684
4.896661
-5.850202
2.521978
9.037363
9.014286
3.087719
8.619048
9.073529
8.070088
7.000000
1.118644
10.011364
2.375000
-0.871795
-5.222266
3.055518
7.217391
-6.147541
6.957143
-3.437037
-4.730491
-1.000000
-8.090909
3.622891
-9.222222
5.401544
5.870370
1.185185
-1.884615
-9.139610
3.989712
-3.212121
-4.440000
-7.259707
3.062500
1.440476
9.240741
-1.586957
4.979381
-6.126374
-3.017544
-7.781560
5.275862
-1.454545
1.200000
-5.012195
1.705882
3.999025
-6.991748
5.078947
4.549259
5.385417
-2.800000
-1.641840
-2.022947
1.679381
-5.200000
9.046512
10.233902
-4.846154
4.842236
-0.709564
8.761905
-6.045666
-1.698413
-9.071429
-6.073171
-3.857143
7.079290
6.137931
5.250866
9.595238
2.775000
5.085904
-4.063312
-1.547059
9.966667
10.065789
2.000000
7.000000
-3.838961
5.733751
-1.892857
4.989736
-2.678571
-4.629484
7.456410
9.750000
-2.000000
-10.000000
2.119565
0.348128
4.773288
3.170455
-2.528080
2.989527
-1.868421
2.727273
-6.923077
2.070806
-3.820000
9.838710
4.977053
3.526676
-3.000000
-7.085714
6.443368
7.816952
5.862069
-3.318182
-4.764706
-9.032787
8.901515
9.228283
0.814815
-5.760870
5.941176
9.840000
-5.456349
-10.197591
1.039327
-7.176015
-5.838710
-7.975610
-7.420543
5.875000
-4.637658
5.368421
-6.969388
-1.095238
-1.219512
9.655678
8.782674
-3.290123
6.600000
-3.425866
4.214286
7.400000
-5.560000
6.800000
-3.095238
8.235955
-5.153846
-2.409923
2.667380
6.094595
-1.068440
-7.369532
-8.928675
10.038462
-7.500000
7.714286
3.898551
-10.095238
-8.168966
8.659172
-4.250000
6.875000
6.778986
3.689655
10.243056
7.783784
10.696779
0.766667
9.418947
10.000000
6.064848
6.000000
6.813953
-7.500000
-0.758721
-1.226002
10.000000
5.596491
-6.200000
-3.743902
-5.365745
3.164690
10.000000
-1.950980
-9.861212
-4.116400
-7.088608
0.133523
2.231026
-7.242424
-8.379310
4.468523
-14.216216
8.869267
-6.502799
-10.597956
5.193001
17.800000
-5.895187
-0.640457
-5.529032
-8.358242
4.352941
7.612054
-4.666667
7.764706
-2.250000
8.857143
5.488889
-0.988273
-2.926471
1.072464
-15.571429
-8.383871
16.263889
3.797917
-2.987500
-7.826658
3.338557
5.084428
5.683333
-1.873016
-8.494368
-6.131725
-9.883333
-2.933333
-10.274096
-8.009031
-1.072443
1.939759
4.750000
-4.585648
10.149254
-3.064636
-9.891304
6.064209
2.024324
7.385133
-4.135802
1.100000
3.714286
-10.107692
-2.790411
2.538462
4.800000
-5.294944
-1.950311
-6.546584
2.000000
-2.875000
-2.882353
6.443144
7.336232
-10.363636
-4.785428
0.856098
16.507246
0.275862
9.443836
7.677885
1.003919
2.802326
-6.068037
8.179487
4.477803
-2.316770
5.636364
7.851064
9.063291
-8.075472
2.265934
6.002505
-10.137931
-4.989130
0.895604
-6.717391
0.244624
8.038462
-6.050000
2.894737
-1.843750
-2.200000
9.375000
-15.235955
-2.585470
-3.412500
-1.409639
-3.732121
-5.470085
7.195122
8.909091
0.415169
-8.000000
5.000000
-9.542144
2.474359
17.000000
-8.572791
7.032051
3.192857
-2.020885
-0.507246
-0.412254
-2.933333
-15.347518
-3.037634
9.547434
6.011994
3.000000
9.987125
-4.812500
10.482252
4.891566
-3.933333
-3.944444
-6.543506
-9.409091
-6.563261
6.968652
10.906593
8.230848
-3.083333
7.865169
5.838498
8.733333
7.882353
-1.925395
3.020657
9.407895
-5.982759
2.958432
9.985294
-4.055556
9.000000
6.147059
-4.665810
8.788793
-4.000000
5.000000
3.000000
-10.000000
8.060976
-4.295455
-0.800000
4.583333
6.795647
3.437431
1.758621
1.233083
-8.560606
-3.842105
5.871605
-4.636773
-1.406667
-4.731585
2.769231
-9.620087
6.285436
5.191848
-2.949153
-0.796236
-7.272727
-12.750000
5.737594
1.025316
-8.028571
-5.967033
-9.731830
4.146429
-6.875000
6.258395
2.877551
10.026667
3.657355
-7.950000
3.965385
-5.900000
5.528571
2.067972
-3.055556
8.406780
3.197596
-2.845166
-8.157197
5.740143
3.802469
2.652582
9.041667
2.851580
4.861953
2.611111
5.871429
-3.064935
8.308275
9.312696
-2.774074
-0.931818
-7.938731
22.514286
-2.886792
-9.200000
-2.233483
-5.843750
1.125060
5.697368
-9.679511
-7.208333
0.560861
5.433239
-0.906250
1.926609
8.250000
1.350000
9.916667
-9.978947
-7.035103
7.653846
-6.062500
2.210526
-7.363636
1.741348
-5.063158
8.712093
-3.252927
4.911111
-4.000000
-7.000000
-5.735294
7.138060
-3.020408
6.117072
4.000000
-6.725083
-10.207547
0.974250
-6.229384
-8.104167
-1.921875
-6.523148
1.111111
1.147551
2.787500
-6.918907
3.117647
8.620427
7.506494
-3.810761
-2.705000
-5.235714
-6.147059
-6.500000
6.000000
-2.939759
-7.307143
4.205996
-1.750000
-3.068856
-7.924051
-8.116279
-2.031250
6.032536
3.000000
-5.215784
-8.550000
-4.048387
-1.600000
2.020408
-3.230769
-9.903226
-0.368207
-10.000000
-2.660141
-0.026350
9.059279
10.315374
9.863636
-8.237651
9.026316
1.943205
-8.024648
3.826087
8.861111
4.873810
-5.500000
-3.322034
-8.554131
2.940476
5.050868
9.103318
9.058140
2.987805
-9.816327
-4.032258
7.384615
5.671609
9.180179
1.775000
1.951242
-7.587302
-10.159129
-4.101058
-7.876712
3.831653
-9.281955
-5.684982
0.777483
-3.181818
8.590636
-9.362193
3.985294
-5.908163
-7.909091
-7.000000
3.018182
-8.103896
-2.186737
3.726976
-4.166667
-5.590909
-4.000000
8.359589
2.295833
-1.883058
-3.250000
-6.192810
-0.611111
-5.516274
1.890244
1.288889
3.547059
7.892437
-4.024155
3.949495
3.292544
2.076923
-8.194444
-8.153846
4.049320
-5.658586
-7.581660
-7.000000
-3.948630
8.801061
-9.900782
-9.111717
3.342857
5.886364
-3.000000
-2.844444
-1.997965
-6.450000
-3.026608
-3.089552
10.251378
7.111111
-6.137959
-1.000000
2.883721
-0.553191
2.612865
9.944282
3.020833
-12.184211
5.428571
-27.574074
-12.190635
3.994999
-14.738372
-13.244444
-5.233333
-9.555610
10.058824
-9.742857
-4.229508
6.886076
-1.925926
-1.905882
-8.090909
4.220833
-8.250000
0.986301
2.204827
-6.000000
1.987500
-7.829787
7.615385
7.101124
-2.415584
2.233333
-8.999022
-8.984615
-0.571572
-8.082353
-2.000000
-9.333333
-4.531579
7.086957
2.607608
1.227273
-22.500000
9.863636
5.244444
12.000000
9.747727
-5.075269
-3.940000
5.052632
0.795455
-7.879615
7.012658
-10.333333
-3.291667
-4.161584
8.187500
6.875000
1.182509
-4.999282
-3.317460
6.461538
-9.825652
5.051418
-8.278149
-3.247545
-6.686074
-2.668852
-0.280009
-1.986486
5.112941
5.119403
-6.700000
-6.457786
-8.000000
9.137746
7.150350
-7.909352
-1.602051
8.104208
0.833333
-7.035714
7.951613
-7.693555
-2.750000
-5.810811
-10.080303
-9.044118
-7.461538
-5.666667
7.050000
2.850000
-10.191571
-8.100471
-7.292544
1.214286
-0.938144
5.136364
3.020109
-2.166667
-8.038067
-6.521100
-5.086957
4.984375
3.971831
-3.500554
-2.056180
5.114943
2.727273
1.954545
1.000000
-10.700000
-12.216216
-15.358696
-16.333333
8.093023
-15.909091
0.125000
-14.977528
-5.166667
2.156863
0.890625
-0.200000
4.444444
11.000000
-12.000000
-1.974684
-0.854545
-6.892857
15.122449
-10.600000
4.967742
9.769231
0.000000
-12.750000
7.925926
-0.312500
-9.000000
-5.000000
-9.533333
9.797297
6.120000
1.129630
-0.891892
10.027027
-17.096386
-6.035714
-1.903846
-1.568627
3.048780
-3.886598
18.434783
-6.985294
6.052632
-13.428571
-13.989011
-8.869565
15.000000
20.500000
4.000000
13.063492
-4.300000
-5.058824
0.500000
6.000000
5.173913
15.916667
3.075000
3.081395
2.042857
5.070707
-3.086957
-12.972973
-7.870370
1.924051
-13.875000
-10.920000
-8.684211
-5.000000
17.000000
7.111111
-5.918367
-1.947368
17.123077
13.151515
6.094737
-9.051020
-8.931034
7.000000
-4.021978
-2.029851
13.000000
3.837209
0.875000
-7.941176
3.782609
-6.903614
3.121212
2.250000
-18.650000
-14.000000
-6.145833
-9.187500
-13.988764
9.129630
-17.846154
-13.000000
3.264706
3.931034
12.014286
-1.000000
10.950000
8.461538
-10.060241
1.987805
-13.958904
-0.800000
8.000000
-2.934066
-2.115385
-15.030769
6.939394
4.916667
-4.391304
2.960000
0.137255
19.136986
10.400000
-6.120690
1.000000
16.121212
-14.909091
-4.000000
4.145161
-14.083333
14.930556
-12.000000
-11.000000
-1.692308
8.117021
-12.036585
-4.052632
-11.031579
-2.000000
-2.826087
4.892308
-5.000000
0.000000
-8.625000
-7.700000
-1.012500
-6.949153
-1.188679
7.958333
-2.100000
5.181818
-2.562500
11.000000
-7.101124
2.000000
6.038462
-1.000000
-18.064103
-6.076923
9.138889
-17.880000
4.000000
2.914286
-0.666667
6.000000
4.000000
4.000000
-2.967742
-9.566667
9.977778
-12.166667
3.039474
-9.707692
9.941860
3.000000
-12.000000
-3.846154
3.056818
4.829268
3.500000
13.095890
-0.562500
2.885714
-3.869048
-1.029851
-0.127660
5.142857
-1.117647
-0.097826
-16.000000
9.000000
-16.925373
5.142857
10.911111
1.905660
-4.791667
2.056180
-6.809524
17.000000
-5.000000
17.060606
-0.204301
-0.764706
-6.916667
11.103448
-14.285714
-8.062500
13.098765
13.222222
-18.000000
-16.028986
11.968750
5.870968
-9.642857
0.108108
-10.100000
17.000000
-0.965909
-8.214286
-1.875000
-6.168675
-19.000000
7.085714
-1.228571
14.096154
25.500000
-11.084746
-1.680000
11.777778
5.036145
-0.666667
-2.066667
3.884058
-8.125000
-6.823529
8.054945
-1.166667
7.000000
0.800000
-6.250000
4.065217
-7.000000
1.727273
5.214286
3.095238
0.000000
15.190476
0.766234
8.974359
-12.000000
-1.250000
11.826087
7.857143
-6.827586
4.000000
14.884058
1.885714
9.090909
0.911765
6.055556
-12.000000
-7.916667
9.083333
-14.967391
12.000000
4.014286
-9.000000
4.938272
-12.903226
-6.115385
0.833333
-3.074074
-19.024096
-11.019231
-16.000000
3.862069
-1.977273
7.000000
-14.020408
0.060241
4.145161
-6.350000
-13.012987
6.093750
0.333333
-5.065574
-0.170732
-14.000000
-10.943182
1.900000
-6.128205
3.750000
-7.000000
10.244898
5.020619
-4.000000
4.920000
-8.333333
-4.042553
1.111111
-0.040816
12.107143
-3.642857
0.052632
-5.379310
-2.590909
-13.809524
-15.000000
-0.273684
6.014085
1.054545
-11.810811
13.000000
3.134328
-118.000000
3.935484
-4.894737
-0.101124
-1.726316
-11.793103
6.976744
-10.846154
-13.000000
12.887097
-16.518519
6.055556
2.114754
1.000000
6.078652
-9.000000
8.147541
21.538462
-14.000000
-15.640000
-3.916667
-9.000000
0.880000
-8.976190
-9.000000
4.533333
4.988636
7.016129
-3.761905
11.700000
-12.000000
4.666667
-2.000000
-2.989362
2.000000
13.285714
-11.014925
3.021505
-2.033708
0.107143
2.850000
-11.963636
18.000000
-10.015152
12.000000
-2.000000
10.000000
-16.022727
1.921053
-7.000000
0.904110
-9.166667
-6.243902
-9.043011
-4.086420
-2.948454
-16.160000
-3.140625
7.285714
-5.800000
-19.157895
0.125000
-9.955882
7.050505
3.000000
7.754098
5.069444
6.929412
-11.000000
12.807692
-11.986301
-9.021505
10.000000
6.035714
-5.269663
-0.388889
-19.838710
-3.000000
3.939759
-14.913978
-2.000000
4.625000
2.400000
-14.000000
12.947368
-6.555556
1.931818
13.000000
-1.814815
-12.060000
-1.151515
-3.064516
-2.080808
