51
253
0.150577
-0.048368
0.108772
-0.048368
-0.027778
-0.017241
-0.015385
0.324479
-0.027778
-0.038194
-0.010989
-0.037500
-0.125000
-0.085017
0.591203
-0.071500
-0.018519
-0.015385
-0.082738
-0.030303
-0.049573
-0.037500
-0.032258
-0.012987
-0.200000
-0.020833
0.457427
-0.012987
-0.012500
-0.085017
-0.096923
-0.250000
0.178363
-0.026316
-0.016667
-0.022222
-0.100000
0.199552
-0.026316
-0.015152
-0.066667
-0.017241
-0.010204
0.455261
-0.015152
-0.039513
-0.024390
-0.030052
-0.333333
0.433151
-0.039513
-0.082738
-0.083193
-0.018519
-0.034251
-0.056349
-0.010989
-0.083333
-0.013514
-0.010753
0.413607
-0.083333
-0.140000
-0.034483
-0.096923
-0.058868
0.402500
-0.140000
-0.250000
-0.012500
1.436246
-0.016667
-0.079043
-1.000000
-0.031822
-0.010204
-0.011905
-0.052989
-0.030052
-0.120370
-0.083193
1.362649
-0.120370
-0.056349
-1.103224
-0.016129
-0.038799
-0.027778
0.195004
-0.038799
-0.058824
-0.025000
-0.058868
-0.013514
0.125933
-0.058824
-0.012500
-0.033333
-0.021277
3.711046
-0.079043
-1.032218
-0.074673
-0.064342
-0.200000
-0.112500
-0.014085
-0.200000
-0.041051
-0.014925
-0.555631
-0.067751
-1.103224
-0.042361
-0.013514
-0.033229
-0.062500
0.186806
-0.042361
-0.033333
-0.111111
0.418068
-0.112500
-0.263158
-0.011494
-0.018868
-0.012048
1.497864
-0.263158
-0.039766
-0.555631
-0.055556
-0.243590
-0.013333
-0.011905
-0.050000
-0.250000
-0.014925
0.349203
-0.050000
-0.024186
-0.012821
-0.033229
-0.117857
-0.111111
0.308113
-0.064342
-0.112048
-0.029412
-0.018868
-0.016393
-0.011494
-0.055556
0.080874
-0.016393
-0.016667
-0.012500
-0.010870
-0.013333
-0.011111
0.283503
-0.016667
-0.024390
-0.014925
-0.081494
-0.028169
-0.117857
0.404654
-0.200000
-0.112048
-0.011111
-0.081494
0.058533
-0.017241
-0.010989
-0.030303
0.070453
-0.038194
-0.032258
0.145833
-0.125000
-0.020833
0.160440
-0.100000
0.367981
-0.018519
-0.333333
0.090018
-0.071500
-0.018519
0.060562
-0.049573
-0.010989
0.223253
-0.200000
-0.012500
-0.010753
1.039464
-0.022222
-0.017241
-1.000000
0.102962
-0.066667
-0.024390
-0.011905
0.050380
-0.034251
-0.016129
0.075774
-0.013514
-0.034483
-0.027778
0.231822
-0.031822
-0.200000
0.067915
-0.052989
-0.014925
0.108777
-0.025000
-0.021277
-0.062500
1.032218
-1.032218
0.053099
-0.041051
-0.012048
0.079655
-0.067751
-0.011905
0.074673
-0.074673
0.054991
-0.014085
-0.011494
-0.029412
0.039766
-0.039766
0.243590
-0.243590
0.262821
-0.250000
-0.012821
0.024186
-0.024186
0.022364
-0.011494
-0.010870
0.036890
-0.012500
-0.024390
0.028169
-0.028169
0
1
1
0
2
24
3
2
1
25
24
3
26
4
3
29
28
1
8
24
30
2
25
4
31
26
4
3
31
2
9
10
5
6
11
32
27
6
5
7
33
32
11
7
6
8
33
11
28
8
7
3
11
29
34
12
30
9
35
31
9
8
10
35
4
13
10
9
4
14
11
5
15
32
36
6
33
37
7
12
8
12
11
8
15
34
13
35
13
12
14
38
9
15
14
13
10
16
38
15
11
39
42
20
23
17
43
36
40
37
18
41
12
16
13
19
38
16
15
14
19
17
15
18
43
20
40
18
17
44
15
20
45
21
41
19
46
22
19
18
47
46
15
22
16
20
15
23
43
17
21
48
18
21
20
22
49
48
18
23
22
21
49
18
23
50
19
23
15
20
21
22
24
1
2
3
25
2
3
26
2
3
27
5
28
3
7
29
3
8
30
3
8
31
3
4
8
32
5
6
11
33
6
7
11
34
8
12
35
8
9
12
36
11
15
37
11
15
38
13
14
15
39
15
40
15
17
41
15
18
42
15
43
15
17
20
44
18
45
18
46
18
19
47
19
48
20
21
49
21
22
50
22
0
2
7
14
26
32
37
43
49
60
66
70
81
88
94
99
117
121
127
138
145
153
160
167
172
176
179
182
184
187
190
193
197
201
205
208
212
215
218
222
224
227
230
232
236
238
240
243
245
248
251
253
0.680407
-0.141010
-9.714438
1.167016
8.977784
-0.078947
-2.829783
12.075106
6.374014
-7.315356
4.980000
-13.609454
-14.478406
-11.390900
4.588068
8.676588
-2.289583
21.820323
-37.106749
-13.092050
-6.750741
-6.390000
17.120798
4.954086
8.089428
-9.194444
-6.350000
2.857143
-6.000000
-5.736842
5.823810
7.795699
-1.051724
6.265970
9.191169
9.638889
5.745833
-2.873601
0.702128
7.903846
9.853987
5.238676
4.619966
-2.058824
0.200000
-11.615385
5.807692
-2.084507
-15.000000
1.121951
8.112676
